Bach	
Counter({
(-1, -1): 1434, 
(0, -1): 1251, 
(-1, 0): 1229, 
(0, 0): 746, 
(1, -1): 668, 
(2, -1): 662, 
(-1, 1): 659, 
(-1, 2): 532, 
None: 471, 
(-1, 3): 459, 
(5, -5): 422, 
(-4, -1): 373, 
(3, -1): 365, (-5, 0): 339, (6, -5): 315, (1, 0): 292, (-1, 6): 284, (0, 1): 277, (2, 0): 231, (0, 3): 224, (-1, 5): 222, (0, 2): 220, (-5, -1): 215, (-5, 1): 214, (3, -5): 182, (3, -4): 176, (-5, 2): 173, (4, -5): 172, (2, -2): 167, (-5, 5): 143, (6, -1): 137, (-2, 2): 135, (-2, 0): 133, (-1, 4): 131, (-1, -4): 129, (0, -5): 127, (1, 2): 121, (-5, 3): 112, (0, -4): 108, (3, 3): 107, (3, 0): 106, (0, 6): 103, (-2, -1): 98, (0, -2): 96, (5, 0): 93, (2, 3): 91, (6, -4): 90, (0, 5): 90, (-5, 6): 90, (-4, 0): 89, (1, 5): 85, (1, -2): 84, (4, -4): 84, (-1, -2): 83, (5, -4): 74, (-2, 5): 74, (2, -5): 74, (0, 4): 70, (3, -2): 68, (-2, 1): 68, (-4, 6): 66, (-4, 3): 62, (2, 2): 59, (3, 2): 58, (5, -2): 55, (-3, 2): 55, (-4, 2): 55, (6, 0): 54, (4, -1): 54, (-3, -1): 52, (-2, -2): 51, (-5, 4): 51, (3, -3): 49, (-4, 4): 46, (-2, 6): 45, (-4, 5): 44, (1, 3): 44, (-1, -5): 43, (1, 1): 43, (-1, -3): 43, (5, -1): 39, (2, -3): 37, (-5, -4): 37, (2, -4): 36, (2, 4): 35, (7, -5): 34, (3, 1): 32, (1, -5): 31, (2, 1): 30, (-2, 3): 30, (8, -5): 26, (4, 0): 25, (-1, 7): 24, (-4, 1): 24, (2, 6): 23, (0, 7): 22, (-3, 0): 22, (6, -2): 22, (-3, 6): 22, (-3, 1): 21, (1, 4): 20, (-6, 6): 19, (0, -3): 18, (6, -3): 18, (-3, 3): 18, (-5, -3): 18, (10, -5): 18, (4, 2): 17, (-5, -2): 17, (-2, 4): 16, (-4, 10): 16, (1, 6): 16, (6, -6): 15, (1, -3): 15, (-5, 8): 14, (1, -4): 13, (6, 3): 13, (9, -5): 13, (7, -4): 12, (-1, 8): 12, (-6, 2): 12, (3, 6): 12, (9, -4): 11, (4, -2): 11, (5, -6): 11, (-6, 1): 11, (-3, 5): 10, (-2, -4): 10, (-5, 10): 10, (5, 3): 9, (3, -6): 9, (-6, 5): 9, (-4, 9): 9, (3, 5): 9, (5, -3): 9, (-3, -2): 8, (5, 1): 8, (2, 5): 8, (2, -6): 7, (-4, -2): 7, (8, -4): 6, (4, 1): 6, (4, -3): 6, (-5, 7): 6, (0, 9): 6, (10, -4): 6, (0, -6): 6, (7, 0): 6, (6, 2): 6, (-2, -3): 5, (-6, 9): 5, (3, 4): 5, (-5, -5): 5, (-9, 5): 5, (6, 1): 5, (-4, -5): 4, (6, -9): 4, (0, -9): 4, (6, -7): 4, (10, -6): 4, (-3, 4): 4, (-9, 6): 3, (5, 5): 3, (7, 3): 3, (7, -6): 3, (9, 0): 3, (-5, 9): 3, (4, 6): 3, (4, 4): 3, (-3, 9): 3, (9, -6): 3, (-6, 3): 3, (-9, 9): 3, (5, 2): 3, (6, -8): 3, (0, 8): 3, (-7, 1): 3, (5, -9): 3, (2, -7): 2, (9, -9): 2, (-1, 9): 2, (0, 10): 2, (10, 0): 2, (-7, -1): 2, (-2, -5): 2, (8, 0): 2, (-4, -4): 2, (6, -11): 2, (-11, 0): 2, (-4, 7): 2, (7, -1): 2, (4, 5): 2, (1, 7): 2, (-9, 10): 2, (-2, 8): 2, (-3, 7): 2, (-7, 3): 1, (-7, 6): 1, (4, 3): 1, (-9, 2): 1, (4, 7): 1, (-9, 0): 1, (5, 4): 1, (7, -2): 1, (-3, -4): 1, (-4, 8): 1, (8, -9): 1, (1, -6): 1, (-6, 8): 1, (4, -6): 1, (-1, -6): 1, (6, 4): 1, (-6, -3): 1, (-5, 11): 1, (11, -5): 1, (-8, 2): 1, (3, -8): 1, (-8, 3): 1, (-8, -1): 1, (-1, 10): 1, (2, 7): 1, (-2, 9): 1, (0, -7): 1, (10, 1): 1, (-3, -6): 1, (3, -9): 1, (-8, 6): 1, (-2, 7): 1, (-1, -10): 1, (-10, 10): 1, (-5, -6): 1, (10, -3): 1, (-6, 0): 1, (7, -7): 1, (-7, 7): 1, (-3, 8): 1, (-6, -5): 1, (2, 8): 1}) 

Mozart	
Counter({
(0, -1): 1405, 
(-1, 1): 1329, 
(-1, 0): 1226, 
(1, -1): 1198, 
(-1, -1): 857, 
(0, 0): 601, 
(2, -1): 475, 
(-1, 2): 471, 
(1, 0): 443, 
(5, -5): 364, 
(0, 1): 362, 
(-5, 0): 304, 
(2, 0): 286, 
(-1, 3): 244, 
(3, -1): 229, 
(-5, -1): 228, 
(0, 2): 222, (6, -5): 193, (4, -5): 181, (2, -2): 168, None: 162, (-1, 5): 160, (-1, 6): 
140, (-5, 1): 139, (1, 2): 136, (3, -5): 136, (-5, 5): 135, (-5, 2): 111, (7, -5): 102, (-2, -1): 100, (-1, 4): 96, (0, 3): 94, (-2, 0): 93, (-5, 3): 82, (-2, 2): 80, (0, 5): 80, (-4, -1): 78, (0, -5): 78, (0, -2): 73, (1, 1): 66, (-2, -2): 66, (-2, 5): 60, (0, 4): 58, (-1, 7): 58, (5, -2): 56, (4, -1): 53, (1, 5): 53, (0, 6): 52, (-5, 4): 52, (3, -4): 49, (5, 0): 48, (2, 3): 46, (-5, 6): 46, (6, -1): 43, (8, -5): 41, (-2, 1): 41, (4, -4): 39, (-3, 2): 38, (-4, 4): 36, (3, -2): 34, (3, 0): 33, (10, -5): 32, (2, 4): 31, (-1, -4): 30, (-3, -1): 29, (1, -2): 29, (-5, 7): 27, (-1, 8): 27, (2, -5): 25, (5, -4): 25, (0, -3): 25, (6, 0): 24, (-4, 0): 24, (1, -5): 24, (0, 7): 23, (2, 2): 23, (0, -4): 22, (-5, -2): 21, (1, 3): 20, (-1, -2): 20, (-1, -5): 20, (6, -4): 20, (1, 4): 20, (-2, 3): 19, (3, -3): 19, (7, -6): 19, (-4, 3): 19, (3, 3): 18, (2, -3): 18, (-5, 10): 17, (-5, -3): 16, (-1, -3): 16, (-6, -1): 16, (-4, 2): 14, (-4, 6): 14, (2, 1): 13, (-5, -5): 13, (3, 2): 12, (-5, 8): 12, (-5, -4): 12, (3, 1): 12, (1, 6): 12, (-4, 10): 12, (4, -2): 12, (2, 5): 11, (-3, 0): 11, (-4, 1): 10, (5, -1): 10, (6, -6): 9, (2, -4): 8, (-3, 6): 8, (4, 0): 8, (0, 8): 7, (9, -5): 7, (2, 7): 7, (-6, 0): 7, (-2, 6): 6, (4, 6): 6, (2, 6): 6, (5, 3): 6, (-3, 1): 5, (0, 10): 5, (-2, 4): 5, (3, 5): 5, (-2, 7): 5, (10, 0): 5, (3, -6): 4, (-6, 2): 4, (5, 5): 4, (4, 1): 4, (3, 4): 4, (6, -7): 4, (-7, 6): 4, (-4, 5): 3, (-6, 4): 3, (-1, 9): 3, (-4, 9): 3, (-3, 3): 3, (1, 7): 3, (5, 1): 3, (8, -4): 3, (-6, 6): 3, (7, 0): 2, (-5, 11): 2, (11, -5): 2, (-3, 7): 2, (1, -4): 2, (-2, -4): 2, (5, -7): 2, (4, 2): 2, (5, -9): 2, (-9, 5): 2, (2, -6): 2, (-6, 9): 2, (-2, -3): 2, (1, -3): 2, (7, -4): 2, (-6, 5): 2, (5, -3): 2, (5, 2): 2, (-4, -5): 2, (6, -3): 2, (0, -9): 2, (-9, 8): 2, (8, -6): 2, (8, 0): 1, (-2, -5): 1, (-4, 7): 1, (-2, 10): 1, (-4, -3): 1, (5, -8): 1, (-8, -1): 1, (9, -4): 1, (7, -7): 1, (-7, 2): 1, (-7, -1): 1, (4, 3): 1, (-3, -4): 1, (8, -1): 1, (-7, 1): 1, (-3, -2): 1, (6, 4): 1, (1, -6): 1, (3, 7): 1, (0, -10): 1, (-10, 10): 1, (-3, -3): 1, (0, -8): 1, (-8, 0): 1, (5, -6): 1, (-3, 8): 1, (9, 0): 1, (4, -6): 1, (-3, 10): 1, (-3, 4): 1, (-6, -4): 1, (-3, 9): 1, (9, 1): 1, (8, 1): 1, (1, -7): 1, (-7, 0): 1, (-6, 1): 1, (6, 1): 1, (-5, 9): 1, (7, -2): 1, (-3, 5): 1}) 

All	
Counter({(0, -1): 20221, (-1, 0): 16982, (0, 0): 16741, (-1, 1): 16102, (1, -1): 14010, (-1, -1): 13022, (1, 0): 7258, (2, -1): 6937, (-1, 2): 6497, (0, 1): 5432, (5, -5): 4375, (2, 0): 4301, (-1, 3): 4283, None: 4159, (-5, 0): 4010, (0, 2): 3688, (3, -1): 3618, (2, -2): 2626, (-5, -1): 2220, (6, -5): 2206, (-2, 0): 2093, (-5, 5): 1979, (-1, 5): 1948, (0, 3): 1947, (-5, 1): 1919, (-4, -1): 1880, (-1, 6): 1846, (1, 2): 1835, (-2, 2): 1767, (4, -5): 1736, (0, -5): 1680, (3, -5): 1545, (1, 1): 1533, (0, -2): 1495, (-2, -1): 1450, (-5, 2): 1436, (0, 5): 1254, (-1, -4): 1231, (5, 0): 1212, (-1, 4): 1163, (-2, 1): 1051, (1, -2): 1032, (3, 0): 1026, (-5, 3): 1011, (-1, -2): 1001, (7, -5): 994, (6, -1): 993, (0, 4): 991, (0, -4): 983, (3, -4): 967, (-2, 5): 928, (0, 6): 916, (3, -2): 872, (-2, -2): 871, (-4, 0): 858, (4, -1): 848, (2, 2): 761, (2, -5): 728, (1, 5): 727, (5, -2): 726, (2, 3): 693, (-3, -1): 683, (-4, 4): 659, (4, -4): 648, (-5, 6): 648, (-5, 4): 647, (-4, 3): 628, (2, 1): 619, (-1, -3): 616, (1, -5): 613, (6, 0): 612, (-4, 2): 612, (-3, 2): 608, (3, 2): 574, (4, 0): 572, (3, -3): 571, (-1, 7): 543, (3, 3): 514, (2, -4): 514, (5, -4): 498, (0, -3): 489, (1, 3): 482, (6, -4): 481, (-4, 1): 464, (-3, 0): 452, (2, -3): 449, (-1, -5): 436, (5, -1): 430, (3, 1): 429, (-4, 6): 407, (-2, 3): 402, (1, 4): 347, (0, 7): 346, (8, -5): 331, (-4, 5): 324, (-3, 1): 321, (2, 4): 316, (-2, 6): 312, (-3, 3): 311, (-5, 7): 298, (6, -6): 296, (-5, -2): 275, (10, -5): 261, (1, -3): 255, (1, -4): 249, (-5, -4): 244, (-6, 6): 234, (-2, 4): 199, (4, -2): 190, (-1, 8): 177, (-3, 6): 175, (4, 2): 175, (1, 6): 160, (4, 1): 149, (-6, 2): 137, (-5, -3): 136, (-5, -5): 129, (-6, 0): 127, (5, -7): 123, (-3, 4): 122, (9, -5): 121, (-3, 5): 119, (0, -6): 118, (5, -6): 117, (-4, 10): 117, (2, 5): 116, (7, -4): 112, (7, -6): 112, (6, -2): 111, (3, 5): 111, (4, -3): 111, (5, 5): 111, (-7, 5): 111, (3, 4): 110, (-6, -1): 110, (2, 6): 106, (7, 0): 105, (5, -3): 104, (5, 1): 103, (-5, 8): 98, (9, -9): 95, (-5, 10): 93, (-2, -3): 90, (0, 10): 88, (-6, 1): 85, (-9, 5): 84, (-1, 10): 84, (0, 8): 84, (3, -6): 80, (6, -3): 80, (-9, 0): 79, (-6, 5): 76, (1, 7): 75, (-1, 9): 74, (4, 6): 74, (0, 9): 70, (-3, -2): 69, (-7, 0): 68, (4, -6): 66, (5, -9): 65, (0, -7): 64, (-4, 7): 63, (-2, -4): 62, (-4, -2): 58, (4, 3): 58, (9, -4): 57, (-5, 9): 57, (-2, 7): 55, (2, -6): 53, (-6, 3): 53, (2, 7): 53, (5, 4): 52, (9, 0): 52, (-9, 9): 50, (5, 2): 49, (8, 0): 48, (7, -1): 48, (-7, -1): 47, (10, -4): 46, (7, -9): 46, (3, 6): 45, (6, 3): 45, (5, 3): 44, (6, 1): 44, (-4, 9): 42, (0, -9): 42, (3, -7): 42, (-2, -5): 41, (-7, 1): 40, (7, -7): 40, (-6, 4): 40, (-6, -4): 39, (-3, -3): 38, (6, -7): 37, (-9, -1): 36, (-7, 6): 35, (1, -6): 35, (11, -5): 35, (-8, 0): 35, (4, -7): 35, (-3, 7): 34, (1, 9): 34, (3, 7): 34, (10, 0): 33, (7, -2): 33, (-7, 7): 33, (8, -1): 33, (-4, 8): 32, (-1, -6): 32, (4, -9): 32, (-9, 2): 31, (4, 4): 31, (4, 5): 31, (-7, 4): 30, (10, -9): 30, (-9, 4): 29, (8, -4): 28, (6, -8): 27, (6, 2): 27, (-8, -1): 27, (2, -7): 26, (-4, -5): 26, (7, -3): 26, (-1, -7): 26, (-6, 9): 25, (6, -9): 25, (-5, 11): 25, (-2, 8): 25, (1, 8): 24, (8, -9): 23, (-4, -4): 23, (-4, -3): 22, (-7, 2): 22, (-7, 3): 21, (-9, 6): 21, (10, -6): 21, (6, 4): 21, (-9, 1): 21, (0, -8): 21, (3, -9): 19, (8, -8): 19, (11, 0): 19, (-3, 8): 18, (5, -8): 18, (-3, -4): 17, (-10, 10): 17, (7, 3): 16, (-8, 3): 15, (-8, 6): 15, (-7, -2): 15, (-2, 10): 15, (-3, 9): 14, (9, -1): 14, (-6, 7): 14, (-1, 11): 14, (-9, 3): 14, (-6, 8): 13, (10, -10): 13, (-3, -5): 13, (8, -7): 13, (-3, -6): 12, (-2, -7): 12, (9, -3): 12, (7, 2): 12, (2, -8): 12, (-3, 10): 12, (0, -10): 12, (6, -10): 12, (-10, 0): 12, (-8, 8): 12, (-2, 9): 11, (10, -3): 11, (-4, -6): 11, (7, -12): 11, (11, -1): 11, (-7, 10): 10, (10, -1): 10, (-6, -2): 10, (10, -7): 10, (-3, -7): 10, (-9, 8): 10, (3, -8): 9, (-5, -6): 9, (2, 8): 9, (-8, 5): 9, (-8, 1): 9, (0, 11): 9, (-7, 8): 9, (-8, 2): 8, (-6, -5): 8, (1, -8): 8, (3, 8): 8, (9, 1): 8, (-9, 7): 8, (12, 0): 8, (10, -2): 8, (5, 7): 8, (-9, 10): 7, (-2, -6): 7, (1, -7): 7, (4, -8): 7, (-2, 11): 7, (9, -8): 7, (-10, 4): 7, (7, 1): 7, (0, -12): 7, (-1, -8): 7, (8, -6): 7, (6, 5): 7, (7, -8): 7, (6, -11): 6, (9, -6): 6, (-1, -10): 6, (10, 3): 6, (-7, 9): 6, (8, -3): 6, (1, 11): 6, (8, 1): 6, (7, -10): 6, (-10, 6): 6, (-7, -3): 6, (4, -10): 6, (12, -5): 6, (4, 7): 5, (1, -9): 5, (-10, 8): 5, (-10, 7): 5, (5, -10): 5, (8, -2): 5, (0, 12): 5, (9, -7): 5, (-8, 7): 5, (-10, 1): 5, (10, -8): 5, (8, -10): 5, (-6, 10): 5, (-11, 0): 4, (-6, -3): 4, (10, 1): 4, (-1, -11): 4, (-8, -3): 4, (7, 4): 4, (11, -9): 4, (-10, -1): 4, (9, -2): 4, (-4, 12): 4, (-3, 11): 4, (-12, 1): 4, (-6, -6): 4, (3, -10): 4, (-12, 7): 4, (-12, 6): 4, (-4, -8): 4, (-10, -5): 4, (12, -7): 4, (-8, -2): 4, (9, -13): 3, (-10, 3): 3, (-4, -7): 3, (-10, 9): 3, (-11, 11): 3, (-9, 11): 3, (11, -6): 3, (-8, 11): 3, (-12, 0): 3, (-7, 12): 3, (13, -5): 3, (-1, -9): 3, (11, -11): 3, (1, -10): 3, (-12, 2): 3, (-11, 6): 3, (-12, 12): 3, (1, 10): 3, (5, 6): 3, (-10, 5): 3, (3, 10): 3, (15, 0): 3, (-11, -2): 3, (9, 4): 3, (-5, 12): 3, (5, -11): 3, (-11, -1): 3, (-4, 11): 3, (2, -10): 2, (8, 2): 2, (8, 3): 2, (-11, 8): 2, (-5, -8): 2, (-7, 11): 2, (11, -4): 2, (9, -10): 2, (2, -9): 2, (-10, 11): 2, (1, -12): 2, (-1, 13): 2, (-9, -4): 2, (7, 6): 2, (-8, 10): 2, (-11, 5): 2, (0, -11): 2, (6, 6): 2, (-8, -4): 2, (-6, 15): 2, (11, 4): 2, (4, -12): 2, (-8, 15): 2, (15, -4): 2, (-12, -5): 2, (-7, -5): 2, (-2, 13): 2, (13, 0): 2, (-3, -10): 2, (5, -12): 2, (-13, -1): 2, (-2, 12): 2, (4, -11): 2, (7, 5): 2, (-1, 16): 2, (-2, -8): 2, (-5, -7): 2, (-7, -4): 2, (-4, -9): 1, (4, -13): 1, (-13, 9): 1, (11, -13): 1, (-13, 10): 1, (-13, 4): 1, (-6, 13): 1, (13, -10): 1, (7, 8): 1, (11, -2): 1, (10, 2): 1, (-3, -9): 1, (-9, -3): 1, (-5, -10): 1, (-4, -12): 1, (-12, 17): 1, (17, -5): 1, (-10, 18): 1, (18, -5): 1, (2, -13): 1, (-13, 2): 1, (-12, -4): 1, (12, -1): 1, (2, -11): 1, (-11, 7): 1, (12, -12): 1, (-6, 11): 1, (9, 6): 1, (8, -11): 1, (12, 1): 1, (8, -12): 1, (-5, -9): 1, (-12, 15): 1, (15, 2): 1, (-8, 9): 1, (-12, 10): 1, (-11, 10): 1, (10, 4): 1, (-1, 12): 1, (12, -4): 1, (-11, 9): 1, (5, -13): 1, (-13, 11): 1, (11, 1): 1, (1, -11): 1, (-5, 15): 1, (7, -13): 1, (-13, 3): 1, (0, 14): 1, (14, 0): 1, (-10, 2): 1, (-12, -1): 1, (-7, 13): 1, (4, 9): 1, (0, -16): 1, (-16, 0): 1, (13, -9): 1, (9, -12): 1, (12, -3): 1, (5, 10): 1, (3, 9): 1, (-10, -12): 1, (-12, 22): 1, (22, -1): 1, (-10, -6): 1, (-2, -9): 1, (9, 3): 1, (-4, -13): 1, (-13, 17): 1, (17, 0): 1, (8, 5): 1, (16, 0): 1, (11, 6): 1, (-7, -7): 1, (16, -11): 1, (-4, 13): 1, (-3, 12): 1, (-9, -2): 1, (-8, 4): 1, (4, 8): 1, (3, 11): 1, (11, -7): 1, (-11, 2): 1}) 