All
(-1, 1, -1):8947
(0, 0, 0):7870
(0, -1, 0):6721
(1, -1, 1):6472
(-1, 0, -1):5793
(0, 0, -1):4828
(0, -1, 1):4594
(1, 0, -1):3935
(-1, 0, 0):3629
(-1, 1, 0):3480
(-1, -1, -1):3292
(-1, 2, -1):3053
(-1, 0, 1):2909
(0, -1, -1):2646
(-1, -1, 0):2561
(1, -1, 0):2548
(2, -1, -1):2470
(2, 0, -1):2425
(0, 1, 0):2258
(2, -1, 0):2244
(-1, -1, 1):2176
(-1, 3, -1):2106
(0, 1, -1):2097
(-1, -1, 2):2066
(1, 0, 0):1784
(-1, 2, 0):1728
(0, -1, 2):1649
(1, -1, -1):1571
(-1, 0, 2):1545
(0, -1, 3):1432
(3, -1, -1):1375
(-5, 5, -5):1357
(0, 2, -1):1288
(-5, 0, -1):1272
(-1, 5, -5):1202
(0, 0, 1):1162
(0, 2, 0):1145
(-1, -1, 3):1106
(3, -1, 0):1070
(-1, 1, 2):1067
(1, -1, 2):1016
(-1, 6, -5):963
(5, -5, 5):955
(-5, 0, 0):913
(-5, 1, -1):907
(2, 0, 0):876
(5, -5, 0):830
(-1, 0, 3):829
(6, -5, 0):783
(-1, 1, 1):781
(5, -5, -1):756
(2, -1, 1):749
(1, 1, -1):728
(5, -5, 1):684
(2, -2, 2):683
(0, -2, 0):680
(0, -1, 5):620
(-1, -1, 6):612
(-1, 2, -2):605
(0, 0, 2):605
(2, -2, -1):600
(-5, 2, -1):589
(0, -5, 0):573
(-4, -1, 0):560
(0, 3, -1):558
(0, 5, -5):555
(1, -1, 3):552
(4, -5, 0):542
(1, 2, -2):538
(1, 5, -5):537
(-2, 2, -1):531
(6, -1, -1):526
(-5, -1, 2):514
(0, -1, 6):509
(-2, 2, -2):493
(5, 0, -5):493
(5, -5, 2):486
(1, 2, -1):484
(-2, 0, -1):482
(-5, -1, 1):477
(-2, 0, 2):474
(2, -2, 0):466
(-2, -1, 1):463
(-1, 1, 5):463
(-1, 1, -2):454
(2, 3, -5):454
(3, -5, 0):453
(2, -1, 2):451
(0, 2, -2):437
(-1, 6, -1):430
(6, -5, -1):428
(1, -1, 5):415
(-1, 3, -2):415
(0, -1, -4):408
(3, 0, -1):402
(-2, 1, -1):401
(-1, 0, 6):398
(-2, 0, 0):397
(0, 6, -5):393
(-5, 0, 1):393
(0, 0, 3):388
(-1, 4, -1):387
(-5, 1, 0):385
(-1, 7, -5):384
(-1, 3, 0):373
(-1, 0, 5):367
(0, 4, -5):365
(1, 0, 1):364
(-5, 0, 2):363
(0, -1, 4):361
(5, -2, -2):357
(-2, 2, 0):357
(1, 1, 0):356
(0, 5, 0):350
(3, -4, -1):347
(1, 0, 2):344
(-5, -1, -1):343
(7, -5, 0):341
(-1, 3, -4):334
(-1, 4, -5):331
(-2, 5, -2):331
(-2, 5, -5):326
(3, -1, 3):324
(0, 3, 0):318
(-5, -1, 0):316
(6, -4, -1):314
(-1, 0, 4):312
(5, -4, -1):311
(-4, 0, -1):310
(-1, 0, -2):307
(-1, -1, 5):300
(-2, -2, 5):300
(-5, 6, -5):294
(3, -2, 0):294
(2, -2, 1):291
(0, 0, 5):289
(0, -1, -2):279
(0, 0, -5):277
(-5, 2, -2):273
(-5, 3, -1):272
(-4, -1, 1):272
(-3, 2, -1):270
(1, -1, 6):268
(0, 0, -2):265
(1, -2, 2):264
(-5, 4, -5):255
(-1, 0, -4):253
(2, 2, -5):250
(1, -1, 4):250
(0, 3, -5):250
(-4, -1, -1):249
(6, -1, 0):244
(-5, 0, 5):243
(4, -5, 1):243
(0, 0, 4):242
(2, 4, -5):239
(-1, 2, 2):237
(6, -5, 1):233
(2, 0, -2):229
(-2, -1, 2):224
(-1, 5, 0):224
(-2, -1, 0):224
(0, -2, 2):222
(-4, -1, 3):221
(3, -1, 1):221
(7, -5, -1):221
(2, -1, 3):219
(-4, 2, -1):218
(-1, -2, -1):218
(4, -4, -1):217
(3, -5, 3):217
(0, 1, 2):215
(-1, 1, 3):214
(1, 2, 0):213
(3, 0, 0):211
(-1, -1, 4):210
(-5, 0, 3):210
(-5, 7, -5):209
(2, 1, -1):209
(1, -2, 0):208
(-1, -3, -1):206
(4, -5, 5):205
(0, -4, 0):203
(-1, -2, 2):202
(1, -1, -4):202
(0, -4, -1):202
(-1, 3, -5):201
(1, 2, 1):201
(-1, 3, 3):200
(1, 0, -2):197
(-5, 6, -1):197
(0, 0, -4):197
(0, 1, 1):196
(-2, 1, 0):196
(0, -1, 7):196
(1, -1, -2):195
(0, 4, 0):194
(3, -1, -4):194
(4, -1, 1):194
(0, 7, -5):194
(-4, 0, 0):193
(-2, 0, 1):192
(1, 4, -5):192
(-1, 1, -5):192
(-4, 6, -1):191
(3, -2, -1):191
(6, 0, -1):190
(-4, 3, -1):190
(-5, 5, 0):190
(-1, 3, 2):190
(6, -5, 2):189
(4, -5, -1):189
(3, -5, 1):187
(-3, -1, 1):187
(2, -2, 5):186
(0, 6, 0):186
(3, -5, -1):186
(0, 0, 6):185
(-4, 4, -4):184
(-1, -4, 6):183
(5, 0, -1):183
(-2, -1, -1):183
(5, 0, 0):182
(-1, 3, 1):182
(-3, 2, 0):181
(0, -5, 5):181
(0, 3, -4):180
(-1, 2, 1):179
(-1, -2, 0):179
(4, -4, 4):179
(0, -5, -1):177
(-5, 2, 0):177
(-5, 1, 2):177
(0, -1, -3):177
(3, -5, 2):176
(6, 0, -5):176
(2, -4, 2):176
(-2, 6, -5):175
(3, -4, 3):174
(-1, -4, -1):172
(-5, 3, -5):170
(3, 3, -5):169
(2, -3, 2):168
(3, 2, 0):168
(0, -5, 1):168
(-1, -1, -4):167
(-1, -4, 2):167
(4, -5, 2):167
(4, -1, -1):166
(-5, 3, 2):165
(-1, -4, 3):164
(0, 1, -2):164
(-5, -1, 6):164
(1, -2, 1):163
(4, 0, 0):163
(-1, 2, 3):162
(0, 4, -4):162
(-4, 2, 0):162
(-1, 6, 0):159
(-1, 5, -4):158
(0, 3, -2):158
(4, -1, 0):156
(-1, 3, -3):156
(1, 1, 1):156
(-2, 0, 5):156
(-2, 0, -2):155
(-4, -1, 2):153
(0, 3, -3):152
(0, -5, 3):152
(3, 1, -1):152
(3, 2, -1):151
(-3, 0, 0):151
(6, -5, 5):150
(2, -1, 5):149
(3, -1, 2):148
(-2, 1, 1):148
(-1, 6, -4):147
(0, 5, -4):147
(3, -4, 0):145
(-1, -4, 5):144
(0, 2, 3):144
(-1, 0, -5):143
(5, 0, -2):143
(2, -1, -2):142
(0, -4, 4):142
(2, 0, 3):142
(2, 0, 2):142
(-1, 1, 4):139
(-2, -2, 1):138
(2, -5, 2):138
(0, 2, 2):137
(-4, 1, -1):136
(3, -3, -1):136
(-2, 3, -1):136
(-5, -1, 3):134
(2, 2, -1):134
(4, 0, -1):134
(4, -4, 0):133
(-4, -1, 5):133
(-2, -1, 3):133
(3, 3, -4):132
(2, 0, -5):131
(-5, 0, 4):130
(6, -5, 3):130
(-1, 8, -5):130
(5, -5, 3):129
(-1, -1, -2):129
(-1, 0, 7):128
(-1, 0, -3):128
(-5, 4, -1):128
(0, -3, 0):125
(-4, 4, -5):125
(-4, 5, 0):124
(-1, 4, -4):124
(0, 2, -4):124
(0, -2, 1):124
(1, -2, 5):123
(1, 3, -5):122
(-5, 0, 6):122
(-2, 1, 2):121
(0, 4, -1):121
(-1, 5, -1):119
(1, 0, -5):119
(-1, 2, -5):118
(-1, 2, -3):118
(-5, 2, 2):116
(10, -5, 0):115
(-1, 5, -2):114
(2, -2, -2):114
(-3, -1, 0):114
(2, 0, 1):114
(-1, 4, 0):114
(0, -2, -1):114
(-2, -2, 2):112
(0, 1, 3):111
(-1, -3, 2):111
(-1, -4, 1):110
(3, -1, -2):110
(5, -5, 6):110
(-1, -2, 1):110
(-1, 1, -4):109
(0, 2, -3):109
(1, -1, -3):109
(-5, 5, -2):108
(3, -3, 3):108
(0, 6, -4):108
(1, -5, 0):108
(6, 0, 0):107
(1, -5, 1):107
(0, 0, -3):106
(-3, 0, -1):106
(1, 3, -1):106
(5, -5, 4):105
(3, -5, 5):105
(2, 1, 0):104
(2, -1, 4):103
(-5, 3, -2):103
(1, 0, 4):102
(0, -4, 3):101
(-2, -1, 5):101
(-3, 3, -3):101
(-1, 2, 4):100
(-1, -4, 4):100
(3, -3, 2):100
(-2, 0, 3):100
(1, 0, 3):100
(-2, -2, -2):100
(-4, 4, 0):99
(3, 1, 0):99
(6, -6, 6):98
(-4, -1, 6):97
(1, 5, 0):97
(-1, -5, 6):96
(2, -4, -1):96
(1, -1, 7):96
(4, -5, 3):95
(2, -5, 0):95
(-4, 1, 0):95
(0, -5, 2):95
(4, 0, -5):95
(1, 2, 3):94
(2, 1, -5):94
(2, -1, -4):93
(3, -4, 2):93
(-5, 5, -1):93
(-5, 1, -2):92
(2, -2, 3):92
(3, -2, 1):92
(0, -5, 6):92
(0, -3, 2):91
(2, -5, 1):91
(0, 0, 7):91
(0, 6, -1):91
(4, 0, -4):91
(1, 0, 5):91
(-4, 3, 3):90
(3, 3, -1):90
(1, 2, -3):90
(-5, -1, 5):90
(-3, -1, 2):90
(1, -2, -1):89
(2, -1, -5):88
(1, 1, -2):88
(-1, -1, -3):88
(3, 2, -4):88
(5, -2, 2):87
(-5, 2, 3):87
(5, -1, 0):87
(5, 0, -4):87
(-1, -1, 7):86
(-4, 3, 2):86
(0, 3, 3):84
(2, -4, 1):84
(-5, 8, -5):84
(1, -5, 5):84
(-1, -4, 0):84
(3, -3, 0):83
(-3, 1, 0):83
(1, 6, -5):83
(2, -5, 5):83
(4, -1, 2):83
(2, 1, -2):82
(0, -5, 4):82
(-1, 1, 6):82
(0, -4, 6):81
(5, -1, 1):81
(2, -3, -1):81
(4, 2, -1):81
(0, -2, 3):81
(2, -5, 3):80
(2, 2, -2):80
(0, 1, -5):80
(3, -2, 2):79
(-4, 4, -1):79
(1, -3, 1):79
(2, -2, 6):78
(-5, 0, -2):78
(-6, 6, -6):78
(1, -5, 3):77
(0, 2, -5):77
(-5, 10, -5):77
(4, -1, -3):77
(5, -5, -2):77
(5, -2, 5):76
(-5, 1, -5):76
(3, 0, -5):76
(-2, 2, 1):76
(5, -1, -1):75
(2, -1, -3):75
(-3, 1, -1):75
(3, -2, -2):75
(-1, -3, 0):74
(-5, 1, 1):74
(2, 5, -5):74
(3, 4, -5):74
(-1, 2, -4):74
(0, -3, -1):74
(2, -5, 6):74
(6, -5, 4):74
(7, -4, -1):73
(-5, 5, -4):73
(2, 2, 0):73
(8, -5, 1):72
(0, -1, -5):72
(-5, 6, 0):72
(-2, 5, 0):72
(8, -5, -1):72
(-2, 4, -5):71
(2, 0, 4):71
(-4, 0, 1):71
(-5, 1, 5):71
(4, -5, 4):71
(2, 2, -4):71
(-3, -1, 3):71
(-3, 6, -5):71
(0, 2, 4):71
(0, -2, 6):70
(-4, 10, -5):70
(3, -4, 1):70
(5, -4, 0):69
(6, -4, 0):69
(0, 3, 1):69
(-2, 2, 3):69
(2, 2, 2):69
(-5, 2, -5):69
(1, 2, -4):69
(2, 3, -1):68
(0, 3, 2):68
(3, 2, -5):68
(0, 1, 4):67
(3, 0, -4):67
(-3, -1, 4):67
(0, 2, 1):67
(0, -4, 2):66
(-2, 3, -2):66
(-2, -2, 0):66
(0, -2, 5):65
(-5, 0, -4):64
(2, 0, -3):64
(-5, 3, -4):64
(1, -5, 4):64
(-1, -2, 3):63
(6, -1, -5):63
(2, 6, -5):63
(7, -5, 5):63
(-1, -3, 1):63
(-1, -2, 6):62
(5, 5, -5):62
(2, 3, -4):62
(-3, -1, -1):62
(-2, -2, -1):62
(1, 3, -4):61
(5, -1, -5):61
(-2, 0, 6):61
(-1, 1, -3):61
(0, -2, -2):61
(-4, 1, 2):61
(-1, -2, 5):60
(-1, -2, -2):60
(-4, 0, 4):60
(0, 1, 5):60
(-4, 3, 0):59
(-4, 2, 3):59
(-1, -4, 10):58
(-2, 1, 5):58
(1, 0, -4):58
(-5, 4, 2):58
(-1, 7, -6):58
(-4, 5, -2):57
(-5, 3, 1):57
(4, -5, 6):57
(5, -5, -4):57
(6, -5, 6):57
(-4, 0, 2):57
(7, -5, 7):57
(-5, 0, 7):57
(5, -7, 5):57
(-4, 1, 1):57
(-4, 6, 0):56
(-6, 2, -1):56
(3, -5, 6):56
(2, -5, 4):56
(0, -1, 8):56
(0, -4, 5):55
(-5, 3, 3):55
(1, -5, 6):55
(-4, 6, -4):55
(-4, 0, 3):55
(-2, 3, -5):55
(6, 0, -4):55
(-1, 6, -6):55
(0, 1, -3):55
(1, 1, 2):54
(2, -3, 1):54
(7, -5, 4):54
(3, 5, -5):54
(-1, 4, -2):54
(1, -2, -2):53
(-4, 3, -4):53
(-5, 4, -4):53
(-2, 2, 2):53
(0, 6, -6):53
(2, -3, 0):53
(-5, 4, 0):52
(2, -5, -1):52
(-5, 3, 0):52
(1, 3, 0):52
(-5, 0, -5):52
(-3, 2, -2):52
(5, -2, 1):51
(-4, 2, 2):51
(-4, 5, -1):51
(1, 7, -5):51
(2, -1, 6):50
(-5, 1, 4):50
(-1, -5, 2):50
(0, -4, 1):50
(1, 2, 2):49
(4, -2, -1):49
(-1, -5, 0):49
(6, -1, 1):49
(3, 0, -3):49
(4, -5, 7):49
(1, -4, -1):48
(3, 0, -2):48
(2, 2, -3):48
(0, -3, 3):48
(-3, 3, 0):48
(7, -5, -2):48
(3, 0, 1):48
(0, 5, -2):47
(1, -1, 8):47
(-6, 6, -5):47
(-4, -1, -4):47
(2, -4, 0):47
(-4, 6, -5):47
(-1, 2, 5):47
(0, 8, -5):47
(0, 1, -4):47
(-4, 1, 3):47
(1, -4, 1):47
(0, 7, -4):46
(-4, -1, 4):46
(1, -2, 3):46
(-5, -3, -1):46
(5, -5, -5):46
(8, -5, 0):46
(-1, -5, 4):46
(3, -5, 4):46
(7, -5, 1):46
(1, 4, -4):46
(-3, 0, 1):45
(3, -4, 6):45
(-1, -5, 5):45
(5, -2, -1):45
(-5, -2, 5):45
(1, 3, -2):45
(7, -5, 3):45
(-3, 1, 2):45
(-1, -5, 3):44
(1, 0, 6):44
(-2, -1, 6):44
(-4, 3, 1):44
(-4, 2, -2):44
(6, -6, 2):44
(-3, 0, 3):44
(4, -2, 0):44
(7, 0, -5):44
(2, -2, 4):43
(-2, 3, 2):43
(-5, -2, 2):43
(-3, 3, -1):43
(5, -9, 5):43
(0, 7, 0):43
(-6, 0, 0):43
(1, 1, -3):43
(3, 0, 2):42
(1, -5, 2):42
(10, -5, -1):42
(-1, -3, 3):42
(4, 1, 0):41
(-6, 2, 0):41
(-1, 3, 4):41
(1, -2, 6):41
(-2, 7, -5):41
(-5, 5, 5):41
(0, 10, -5):41
(-1, 3, 5):40
(1, 3, -3):40
(-5, -1, 7):40
(-5, -2, 1):40
(-3, 0, 2):40
(0, 5, -1):40
(1, 0, -3):40
(-4, 5, -5):40
(-2, 4, -1):40
(-4, 4, 2):39
(-2, 1, -2):39
(3, 1, -5):39
(-5, -4, 5):39
(-2, 2, -5):39
(3, -3, 6):39
(-5, 9, -5):39
(-4, 4, 6):39
(3, -4, 4):39
(4, -1, 3):39
(5, -2, 0):39
(1, -4, 3):39
(-2, 2, 4):38
(2, 3, 0):38
(-1, 4, 2):38
(-5, -4, 6):38
(3, -3, 1):38
(3, 3, 0):38
(5, -5, 7):38
(1, -3, 0):38
(-3, 1, 1):38
(3, -2, 3):38
(-5, -1, 4):38
(-5, -2, -1):38
(-1, 10, -5):38
(-1, 7, -4):37
(3, -5, 7):37
(1, -4, 4):37
(-2, 5, -1):37
(-1, -1, 8):37
(-5, -4, 1):37
(3, -1, 5):37
(5, 1, -5):37
(2, 1, 2):37
(-6, -1, 0):37
(5, -4, 4):36
(2, -4, 3):36
(3, -1, -5):36
(-1, 1, 7):36
(4, 1, -1):36
(2, 7, -5):36
(3, 5, 0):36
(-2, 5, -4):35
(0, 2, 6):35
(-2, -2, 4):35
(-1, 4, -3):35
(2, 0, -4):35
(6, -5, -2):35
(-2, 6, 0):35
(-5, 0, -3):35
(1, -3, 2):35
(-5, 2, 4):35
(0, 0, -6):35
(-1, 0, 8):35
(6, -6, 0):35
(-4, 0, 6):35
(3, 2, -2):34
(-5, -2, 0):34
(0, -2, 4):34
(1, 2, 4):34
(-6, 6, 0):34
(7, -5, 2):34
(4, 6, -5):34
(1, -3, -1):34
(0, -3, 6):34
(-1, -3, 5):33
(9, -4, -1):33
(-5, 6, -4):33
(0, -6, 0):33
(3, -2, 5):32
(2, -1, 7):32
(3, 1, 1):32
(5, -3, -1):32
(-5, -3, 2):32
(5, -5, -3):32
(-1, 2, 6):32
(1, 5, -4):32
(-5, 4, 1):32
(1, -5, -1):32
(0, -5, 7):32
(-7, 5, -7):32
(7, -6, -1):32
(-2, 6, -4):31
(3, -1, 4):31
(6, -5, -4):31
(-2, 4, -2):31
(2, -3, 3):31
(-1, -3, 6):31
(0, 3, 5):31
(-5, -1, -4):31
(-1, 4, 1):31
(-5, 5, 1):31
(-5, -5, 5):31
(-2, 2, -4):30
(0, 4, -2):30
(3, 0, 3):30
(-1, -5, 1):30
(4, -5, -4):30
(1, -1, -5):30
(10, -5, 5):30
(-3, 4, -1):30
(0, -3, 1):30
(-6, 1, -1):29
(5, 4, -5):29
(0, -5, -4):29
(-1, -3, 4):29
(1, 4, 0):29
(4, -1, -2):28
(5, 1, -1):28
(-5, -4, 3):28
(-2, 2, -3):28
(4, -5, -2):28
(1, 0, 7):28
(-3, 5, 0):28
(-5, 5, -6):28
(0, 0, 10):28
(-1, -1, -5):28
(4, -4, 3):28
(-3, -1, 5):28
(-2, -2, 3):28
(4, 3, -5):28
(6, -3, -1):27
(-5, 2, 1):27
(-3, 5, -5):27
(5, -6, 2):27
(0, 1, 6):27
(0, 5, -3):27
(6, -6, 1):27
(3, 1, -2):27
(4, -1, 5):27
(4, 1, -5):27
(-3, 3, 1):27
(6, -6, -1):27
(-6, 0, -1):27
(3, -1, -3):26
(2, 4, -4):26
(6, -1, -4):26
(-1, 5, -6):26
(-3, 2, 2):26
(-3, 3, -4):26
(-9, 0, 0):26
(1, 1, -5):26
(8, -5, -4):26
(-5, 3, -3):26
(-3, -1, 6):26
(-3, 6, -4):26
(5, -1, -2):26
(-5, 1, 3):26
(0, -7, 0):26
(5, 3, -5):25
(0, 3, 4):25
(6, -5, -5):25
(-5, -4, 2):25
(-1, -2, 4):25
(1, 1, 3):25
(6, -2, -1):25
(1, 2, -5):25
(0, 4, 1):25
(5, -1, -4):25
(0, -3, 4):25
(-4, -1, 7):24
(2, 0, 5):24
(0, 7, -6):24
(6, -4, 4):24
(9, -5, 2):24
(5, -4, 1):24
(-5, -1, -2):24
(-9, 5, -1):24
(5, -5, 8):24
(7, -6, 0):24
(9, -9, 9):24
(-4, 7, -5):24
(-1, 9, -9):24
(1, -4, 0):24
(7, -5, -5):24
(6, 0, -6):24
(-1, 6, -2):23
(-4, 4, 1):23
(-2, 0, -4):23
(6, -2, 2):23
(-4, 1, 5):23
(-3, -2, 0):23
(4, -3, -1):23
(-4, 2, -4):23
(0, -6, 6):23
(-3, 6, -1):23
(8, -5, 5):23
(6, -5, -3):23
(4, 2, -5):23
(-4, 0, 5):23
(-2, 5, -3):23
(-1, 7, 0):23
(1, 3, 1):23
(-5, -2, -2):23
(-4, 3, -2):23
(-9, 9, -9):23
(7, -5, -3):23
(-2, 6, -6):23
(-7, 0, 0):23
(7, 0, 0):23
(1, 1, -4):23
(3, -1, 6):22
(3, -6, 2):22
(6, -2, 0):22
(-4, -1, -2):22
(4, -4, 1):22
(-4, 3, -5):22
(5, -6, 1):22
(1, 4, -1):22
(10, -4, -1):22
(0, -5, -2):22
(0, 6, -3):22
(-6, 1, 0):22
(2, -4, 4):22
(-3, 2, 1):22
(-5, -4, 4):22
(9, -5, 0):22
(-4, 2, 1):22
(-2, 3, -3):22
(-6, -1, 1):22
(0, 3, -6):22
(0, -4, 7):22
(3, 7, -5):22
(0, -5, 10):22
(4, 2, 0):21
(3, 3, 3):21
(-3, 2, 3):21
(2, 3, -3):21
(10, -4, 0):21
(0, -4, 10):21
(4, -5, 8):21
(7, -5, -4):21
(4, -3, 0):21
(-2, 1, 3):21
(3, -5, -2):21
(-4, 4, -2):21
(-1, 0, 10):21
(0, 0, 8):21
(2, 1, 1):21
(0, 5, -6):21
(4, 0, -2):21
(4, 2, -2):20
(-1, 3, 6):20
(-2, -1, -2):20
(9, -5, 1):20
(2, -3, 6):20
(-5, 0, 10):20
(2, 1, -3):20
(3, 1, 2):20
(-5, 4, -2):20
(-1, 5, -3):20
(3, -5, -4):20
(4, -1, -5):20
(0, 8, 0):20
(-3, 1, -3):20
(5, -4, 2):20
(-1, -1, 9):20
(0, 5, -7):20
(-2, 0, 4):20
(-3, 4, 0):20
(0, 9, -9):20
(-1, 10, -9):20
(2, 0, 6):20
(-4, 6, -2):19
(-4, 9, -4):19
(-3, 5, -2):19
(4, -1, -4):19
(-4, 1, -2):19
(0, -1, 9):19
(3, 2, 3):19
(5, -3, -2):19
(-1, 6, -3):19
(3, 1, -4):19
(6, 3, -5):19
(6, -4, 3):19
(3, 3, -6):19
(5, -6, 6):19
(-3, 3, -2):19
(1, -4, 2):19
(7, -6, 6):19
(4, 0, 1):19
(2, 4, 0):19
(-2, -1, 4):19
(4, -1, 4):19
(-2, -1, 7):19
(-5, -4, 0):19
(7, -4, 0):18
(-6, 6, -4):18
(2, -3, 5):18
(8, 0, -5):18
(1, 6, -4):18
(-2, 1, 4):18
(4, -4, 2):18
(3, -6, 6):18
(2, 1, 5):18
(5, 2, -5):18
(-5, 11, -5):18
(0, 2, 5):18
(5, -1, 5):18
(4, 4, -5):18
(-7, 1, 0):18
(3, 1, -3):18
(5, -2, 4):18
(2, -2, -3):18
(-1, -5, -1):18
(-2, 5, 1):18
(5, 5, -7):18
(-4, 8, -5):18
(0, 3, -7):18
(11, -5, 0):18
(0, 4, -3):18
(0, -1, 10):18
(0, 1, 7):18
(-2, 3, 0):18
(5, 0, -7):18
(0, 0, 9):18
(5, -2, 3):18
(-5, -5, 7):18
(5, -2, -3):17
(-6, 5, 0):17
(-3, 3, -5):17
(1, 5, -1):17
(0, -3, 5):17
(-1, 9, -5):17
(-2, 5, 5):17
(-1, 0, 9):17
(0, 9, -5):17
(-3, -2, 5):17
(-2, -3, 2):17
(-5, 2, -3):17
(-5, 1, 6):17
(8, -5, -3):17
(-2, 6, -1):17
(0, 6, -2):17
(9, -5, -1):17
(2, 3, -2):17
(-4, 3, -3):17
(0, 0, -7):17
(6, -1, 2):17
(3, -4, 5):17
(1, 6, 0):17
(1, -1, 9):17
(2, 5, 0):17
(-2, 3, -4):17
(-1, -1, 10):17
(4, -2, 2):17
(8, -5, 4):17
(9, -9, 0):17
(-2, 5, -9):17
(-5, 7, -2):17
(4, 1, -2):17
(-2, 5, 3):16
(4, -5, -3):16
(-6, 5, -1):16
(-1, -4, 9):16
(1, -2, 4):16
(-4, 10, -4):16
(4, -3, 3):16
(-5, -5, 6):16
(3, 3, -3):16
(-1, -5, 10):16
(5, 1, 0):16
(4, -6, 6):16
(9, 0, 0):16
(-1, 5, 1):16
(5, -1, 2):16
(-4, -2, 2):16
(6, 2, -5):16
(1, -5, 8):16
(-3, 1, 4):16
(8, -5, 3):16
(-3, 7, -5):16
(-1, 5, -7):16
(-6, 5, -5):16
(7, -9, 0):16
(3, -3, 4):16
(-1, 1, 9):16
(1, -1, 10):16
(5, 0, 2):16
(-2, -3, 1):16
(4, 6, -6):16
(-1, -5, 7):16
(-9, 5, -5):16
(6, -5, 7):16
(-9, 0, 6):16
(0, 9, 0):16
(1, -3, 4):16
(-4, -1, -3):15
(-3, 5, -4):15
(6, -2, 1):15
(-2, 3, 3):15
(8, -5, 2):15
(2, -4, 5):15
(6, -4, 2):15
(0, -9, 0):15
(3, -2, -3):15
(3, 6, -5):15
(1, 6, -6):15
(3, -2, -4):15
(0, -6, 2):15
(-6, 3, 3):15
(6, -1, -2):15
(10, -5, 1):15
(-3, 1, 3):15
(3, -1, 7):15
(-5, -3, 6):15
(-2, 8, -5):15
(-5, 5, -3):15
(4, -3, 1):15
(-7, -1, 1):15
(2, -5, -2):15
(2, 1, -4):15
(5, 0, -3):15
(10, -5, 3):15
(-2, 4, 0):15
(-4, 3, 7):15
(-5, 3, 5):15
(-2, 2, 5):15
(-4, 0, -2):14
(6, 3, -4):14
(4, 0, 2):14
(5, 0, 3):14
(-5, -2, 6):14
(6, -4, -2):14
(-5, 6, -2):14
(6, -3, 2):14
(2, -4, 6):14
(-5, -4, -1):14
(-3, 4, -4):14
(-9, 5, 0):14
(-5, 0, 8):14
(7, -2, 0):14
(-7, 5, 5):14
(-7, 5, -2):14
(-7, 7, -7):14
(-5, -2, 7):14
(7, -1, -1):14
(-9, 2, -1):14
(0, 10, 0):14
(-7, -1, 0):14
(-6, 0, 1):14
(5, -6, 5):14
(1, -3, 3):14
(5, -3, 2):14
(0, 5, -9):14
(-2, 4, -4):13
(3, 2, -3):13
(-1, 2, -6):13
(6, -1, 4):13
(0, 6, 3):13
(4, -2, -2):13
(3, 0, 4):13
(6, 1, -5):13
(1, 1, 5):13
(-1, 5, 3):13
(6, 0, -2):13
(-5, 2, 6):13
(3, -5, 10):13
(-5, 1, -3):13
(-4, -2, 0):13
(2, -2, 7):13
(3, -3, 5):13
(-5, 7, 0):13
(-1, -4, 7):13
(3, -6, 3):13
(-7, 5, 0):13
(-5, 7, -6):13
(4, -2, 3):13
(0, 4, 3):13
(-2, -5, 0):13
(4, -2, 1):13
(-5, 3, 4):13
(5, -1, -3):13
(-3, 0, 5):13
(6, -6, -4):13
(-3, 6, 0):13
(-5, 7, -1):13
(-9, 0, -1):13
(-1, 8, -4):12
(8, -4, -1):12
(-4, 9, -5):12
(9, -5, -4):12
(1, 2, 5):12
(4, 3, -4):12
(2, 6, -4):12
(-3, 0, 4):12
(2, 2, 3):12
(-4, 10, -6):12
(-6, 6, -1):12
(2, -5, 9):12
(3, 0, 5):12
(-3, 2, -5):12
(-5, 0, 9):12
(0, 4, 2):12
(-4, 6, 3):12
(-5, -3, 0):12
(-4, 5, 5):12
(-5, -5, 10):12
(-5, 5, 2):12
(-5, 6, -6):12
(-3, 8, -5):12
(4, 0, -3):12
(5, 5, -9):12
(1, 8, -5):12
(-6, 0, 6):12
(-6, -1, -1):12
(0, -5, -5):12
(-1, 8, -1):12
(5, 0, 1):12
(9, -9, -1):12
(10, -5, -2):12
(2, -5, 7):12
(-6, -4, 10):12
(-7, 0, -1):12
(-5, 1, 7):12
(5, -6, -1):12
(-5, 7, -4):12
(4, 5, -5):12
(5, -7, -1):12
(7, -4, 4):12
(0, 4, -6):12
(1, 4, -2):12
(-8, 0, -1):12
(-1, 5, 5):12
(-2, 0, -3):12
(5, -4, 5):11
(-3, 6, -6):11
(3, 6, -4):11
(3, 3, -2):11
(-5, 2, -4):11
(1, 4, -3):11
(0, 10, -4):11
(-5, 10, 0):11
(-1, 6, -7):11
(-3, 5, -1):11
(5, -1, 6):11
(-4, 7, -1):11
(-3, 3, 3):11
(1, 5, -2):11
(-2, 3, 1):11
(-1, 2, 7):11
(5, 0, 4):11
(1, -4, 5):11
(10, 0, -5):11
(5, -9, 9):11
(-5, -2, 3):11
(-9, 5, -2):11
(1, -3, 6):11
(-2, 5, -6):11
(-3, 4, -3):11
(4, -6, 2):11
(2, 0, 7):11
(1, 9, -9):11
(9, -9, 2):11
(-5, -1, -3):11
(-1, 9, -1):11
(3, -2, 6):11
(-6, 4, -5):11
(-2, 1, -5):11
(-6, 3, 0):11
(-3, 0, 6):11
(-9, -1, 1):11
(-9, 1, -1):11
(6, -6, 4):11
(0, -5, 9):11
(0, -2, -3):11
(-5, -5, 4):11
(1, -4, 6):11
(-2, -2, 6):11
(1, -3, 5):11
(-5, 4, -3):11
(3, -3, -2):10
(2, -2, -4):10
(-4, 5, 1):10
(0, -3, -2):10
(3, 1, 4):10
(1, 1, 4):10
(-2, 6, -2):10
(1, 5, -6):10
(6, 1, -1):10
(7, -1, 0):10
(6, -3, 3):10
(1, 2, -6):10
(2, -6, 6):10
(2, 6, 0):10
(7, 0, -4):10
(-3, 4, -5):10
(6, -1, 5):10
(0, -5, 8):10
(-5, -4, 10):10
(2, -6, 5):10
(3, 2, 4):10
(3, -5, 8):10
(-6, 0, 2):10
(0, -5, -3):10
(3, 4, -4):10
(2, 7, -9):10
(1, -2, 7):10
(7, -6, -4):10
(2, -2, -5):10
(0, 2, 7):10
(0, 2, -6):10
(-3, -1, 7):10
(4, -9, 4):10
(-7, 6, 0):10
(-6, -1, 6):10
(11, 0, -5):10
(-1, 8, 0):10
(-4, 4, -3):10
(-3, 4, -2):10
(10, -6, -4):10
(3, -2, 4):10
(-1, 5, 4):10
(-2, -3, 3):10
(3, 0, -6):10
(-6, 4, -1):10
(0, 4, 4):10
(5, -7, 1):10
(-6, 2, -2):10
(-10, 0, 0):10
(1, 4, -6):10
(1, 4, 1):10
(8, 0, 0):10
(4, -3, 2):10
(-3, 4, 1):10
(0, -8, 0):10
(-2, -3, 6):9
(6, -6, 5):9
(-2, -4, 4):9
(-1, 6, 3):9
(-1, 4, 3):9
(0, 0, -9):9
(-4, -2, 6):9
(9, 0, -4):9
(-6, 1, 5):9
(-4, 2, 6):9
(6, 0, 1):9
(2, 4, -6):9
(-1, 6, 1):9
(6, 4, -5):9
(-3, 2, -4):9
(4, 2, -4):9
(-2, -3, 5):9
(-3, -1, 8):9
(-4, -1, 8):9
(-9, 9, -4):9
(2, 4, -1):9
(-5, -5, 0):9
(-1, -5, 11):9
(11, -5, -1):9
(-8, 3, -1):9
(3, -6, 5):9
(5, 0, 5):9
(-2, 1, -3):9
(-5, 2, 5):9
(0, -6, 5):9
(-1, 7, -1):9
(1, -5, 10):9
(6, -6, 3):9
(-3, 6, -3):9
(-6, 9, -5):9
(-1, 5, -9):9
(-1, -3, 8):9
(-6, 6, -2):9
(10, -5, 2):9
(7, -5, 6):9
(1, 6, -1):9
(-3, 6, -2):9
(10, -10, 10):9
(9, -9, 1):9
(1, -1, -7):9
(-2, 5, -7):9
(4, -2, -3):9
(-5, -1, 8):9
(0, 5, 1):9
(-4, 0, 10):9
(-2, 2, 6):9
(-3, 10, -5):9
(4, -1, 7):9
(4, -1, 6):9
(4, 6, -4):9
(-1, 3, 7):9
(-4, -1, 10):9
(9, -9, 5):9
(8, -5, -2):9
(-2, -3, 0):9
(2, -6, 2):9
(0, -6, 1):9
(-2, 4, 2):9
(-6, -4, 4):9
(-5, 4, 6):9
(-3, -3, 2):9
(-8, 0, 0):9
(-4, 4, 3):9
(5, -7, 0):9
(2, -6, 9):8
(5, 0, -6):8
(-1, 2, -7):8
(2, -7, 6):8
(-2, 0, 7):8
(-6, 2, 2):8
(0, 5, 4):8
(0, -4, 9):8
(6, -7, -1):8
(-2, -4, 5):8
(3, 0, 6):8
(2, -5, -4):8
(-5, 3, 6):8
(2, 5, -4):8
(-1, 4, 4):8
(9, -4, 0):8
(8, -5, 6):8
(3, -4, 7):8
(3, -5, -3):8
(6, -2, -2):8
(2, 2, 1):8
(-1, 6, 2):8
(6, -8, -1):8
(0, -2, -4):8
(5, -2, 6):8
(10, -5, 4):8
(7, -1, -5):8
(-5, -5, 1):8
(-6, 3, -2):8
(1, 0, -6):8
(-4, 3, 6):8
(1, 0, 8):8
(-1, 9, -4):8
(-2, 2, 7):8
(5, -7, -2):8
(4, 0, -6):8
(-6, 3, -3):8
(-1, -6, 5):8
(-1, -7, 5):8
(-5, 4, -6):8
(4, -7, 3):8
(4, -4, 5):8
(-5, 5, -8):8
(5, -3, 0):8
(9, 0, -5):8
(4, -5, -5):8
(-1, 11, -5):8
(1, 9, -5):8
(2, 5, -1):8
(5, 2, -2):8
(4, -4, 6):8
(-4, 3, 4):8
(1, 7, 0):8
(8, -5, 7):8
(10, -9, 0):8
(-7, 2, -1):8
(-5, -1, 10):8
(5, -1, 3):8
(5, -6, 0):8
(7, -7, 0):8
(2, 6, -6):8
(-5, 2, 7):8
(-4, 4, -7):8
(1, -3, 7):8
(1, -5, 7):8
(0, -9, 5):8
(7, -9, -1):8
(-9, -1, 10):8
(-6, -1, 2):8
(-3, 1, -2):8
(5, -4, 3):8
(-6, -1, 7):8
(-6, 1, 1):8
(-9, 5, 5):8
(-3, -1, -3):8
(2, -7, 5):8
(-6, 6, 1):8
(4, -6, -1):8
(0, -7, 6):8
(0, 1, 9):8
(-2, 5, 4):8
(0, 7, -9):8
(-4, 6, -3):8
(8, -9, 0):8
(-9, 0, 9):8
(-1, -6, -1):8
(-7, 0, 2):8
(-3, 1, 5):8
(3, -7, 5):8
(2, 3, 3):7
(3, -4, -2):7
(-4, 9, 0):7
(0, 1, -6):7
(0, 9, -4):7
(-2, -4, 0):7
(-2, -4, 6):7
(-4, 0, -5):7
(6, -3, 0):7
(5, -5, 10):7
(1, 3, 3):7
(-5, -3, 4):7
(-2, 5, 2):7
(5, 2, -1):7
(6, -7, 1):7
(3, 4, 0):7
(6, 1, -2):7
(-5, -3, 3):7
(-4, -1, -5):7
(-6, -1, 3):7
(-4, 5, 2):7
(-7, 5, 4):7
(0, -6, 3):7
(-5, 5, -7):7
(1, 0, -7):7
(6, -3, -3):7
(-6, 9, 0):7
(3, -3, -3):7
(-2, -3, -1):7
(9, -5, 5):7
(-5, -5, 9):7
(8, -1, -4):7
(4, -2, -5):7
(0, 4, -9):7
(-5, 4, -9):7
(2, -1, 9):7
(-1, -3, -2):7
(3, -7, -1):7
(6, -8, 0):7
(-3, 0, -2):7
(-1, 10, -4):7
(2, 1, 4):7
(-4, 1, 4):7
(4, -4, -2):7
(-4, 6, -6):7
(-1, 7, -7):7
(-1, 1, -6):7
(-2, 1, 6):7
(-2, -1, -6):7
(-9, 1, 0):7
(5, -5, 9):7
(6, -1, -6):7
(0, -4, -2):7
(-5, 5, 4):7
(0, 6, -8):7
(-4, 2, -3):7
(5, -3, -3):7
(-8, 8, -8):7
(-7, 5, 2):7
(-1, 4, -9):7
(1, -2, -3):7
(-3, 0, -5):7
(-7, 6, -4):7
(-7, 0, 1):7
(2, -3, 4):7
(0, -2, 7):7
(4, 1, -4):7
(0, 10, -10):7
(5, -3, 1):7
(-2, -3, 4):7
(1, 3, 5):7
(4, 2, 4):7
(0, -3, 7):7
(3, 4, -1):7
(5, -7, 4):7
(3, 3, -9):7
(10, 0, 0):7
(0, -4, -4):7
(7, -6, 3):7
(-1, 3, -6):6
(0, 7, 3):6
(1, 5, -3):6
(-2, -5, -1):6
(4, -4, -4):6
(-3, 9, -5):6
(6, -4, 1):6
(-4, 3, 5):6
(0, 4, 5):6
(-3, 2, 4):6
(6, -9, 9):6
(3, 2, 2):6
(6, 0, 3):6
(-1, 6, -8):6
(-2, 3, -6):6
(1, 5, -9):6
(-9, 9, -5):6
(2, 3, -6):6
(5, 0, -9):6
(-9, 10, -5):6
(-10, 10, -5):6
(-3, 7, 0):6
(-2, -2, 8):6
(0, 6, -9):6
(6, -1, 6):6
(6, 0, -9):6
(9, -4, 4):6
(3, 2, 1):6
(-2, 7, -6):6
(0, 2, -7):6
(-7, 4, 0):6
(4, -2, -4):6
(4, 1, -3):6
(6, -4, -3):6
(-4, 7, -4):6
(10, -3, -1):6
(9, -1, 0):6
(-2, 6, -9):6
(-4, 5, -4):6
(-3, -3, 3):6
(-4, 0, 7):6
(0, 7, -7):6
(7, -7, 5):6
(7, -9, 4):6
(2, 3, 1):6
(0, 4, 6):6
(3, -3, 7):6
(1, 0, 9):6
(-1, -1, 11):6
(4, -7, 0):6
(-1, 4, 6):6
(4, -3, 6):6
(8, 0, -4):6
(5, -7, 2):6
(0, 8, -9):6
(-3, -2, 2):6
(-8, -1, 1):6
(-2, -4, 8):6
(1, 3, 2):6
(6, -1, 3):6
(8, -4, 4):6
(-2, 3, 5):6
(-5, 9, -9):6
(-8, 6, -1):6
(-9, 9, 0):6
(-4, 4, -6):6
(4, -5, 10):6
(0, 1, 8):6
(4, 1, 1):6
(7, -3, 0):6
(7, 0, -3):6
(0, -6, -1):6
(-1, 4, -7):6
(-9, 4, 6):6
(2, -4, 8):6
(-5, -4, 9):6
(-1, 4, 5):6
(6, 0, 2):6
(-9, 2, 0):6
(-1, 7, -9):6
(0, -1, -7):6
(5, 2, 0):6
(-2, 0, -5):6
(-2, 4, 1):6
(-2, 1, -4):6
(-3, -2, 3):6
(-5, 1, 8):6
(-2, 4, -3):6
(-3, 4, 3):6
(-6, 6, -3):6
(-3, 4, 2):6
(-4, -1, 9):6
(-4, -4, 3):6
(-1, 4, -6):6
(1, 2, 7):6
(10, -9, -1):6
(-9, 3, -1):6
(2, -4, 10):6
(-4, 10, -9):6
(5, -7, 7):6
(5, -8, -1):6
(-6, 5, 7):6
(5, 5, -4):6
(2, -4, -2):5
(6, 0, -3):5
(-4, 2, 4):5
(4, 2, -3):5
(3, 3, 1):5
(-9, 2, -2):5
(0, 3, 6):5
(-7, -1, -1):5
(0, 7, -2):5
(7, -2, -5):5
(3, -3, -4):5
(-4, 8, -9):5
(8, -9, 5):5
(1, -2, -4):5
(6, -2, 5):5
(3, -4, -5):5
(4, -4, 7):5
(-1, 0, -6):5
(-5, 9, 0):5
(0, 5, 2):5
(3, -8, 3):5
(-2, -4, 1):5
(-3, -1, 10):5
(2, 3, 4):5
(-4, 4, 4):5
(0, -7, 1):5
(-7, 1, -1):5
(-3, -6, 9):5
(4, 6, 0):5
(-6, 5, -2):5
(-6, 5, 1):5
(5, 1, -2):5
(6, -9, 6):5
(-4, 1, -3):5
(-5, -6, 6):5
(0, -4, -5):5
(7, -7, 7):5
(4, -2, 4):5
(5, -2, -5):5
(-2, -5, 5):5
(-5, 6, 2):5
(3, 1, 3):5
(0, 7, -3):5
(7, -2, -1):5
(1, 2, 6):5
(-8, 5, -2):5
(3, -6, 0):5
(0, -3, 9):5
(0, -4, 8):5
(-7, 5, -1):5
(-9, 6, -1):5
(-4, -6, 6):5
(-3, 3, 4):5
(-7, 5, 1):5
(-6, -2, 2):5
(0, -1, -6):5
(-3, -3, 1):5
(-2, 9, -5):5
(-3, 5, -3):5
(1, 6, -2):5
(3, 8, -1):5
(1, 4, -7):5
(-1, 5, 2):5
(2, 4, -2):5
(-9, -1, 2):5
(0, 6, 1):5
(-6, -4, 3):5
(11, 0, 0):5
(2, 0, -6):5
(-6, -4, 6):5
(-1, -4, 8):5
(0, -3, 10):5
(6, -7, 6):5
(9, -1, -5):5
(-5, -5, -1):5
(7, 0, -1):5
(1, -6, 6):5
(-4, -3, 0):5
(-4, 2, -5):5
(-7, 4, -1):5
(-5, 7, -12):5
(0, 7, -1):5
(-3, 2, -3):5
(10, -9, 2):5
(0, 11, 0):5
(-2, 10, -5):5
(3, 5, -4):5
(-2, -4, 3):5
(1, -8, 1):5
(4, -3, 4):5
(4, -2, 5):5
(-4, -2, 1):5
(5, 4, -4):5
(4, -6, 1):5
(4, -3, -2):5
(-4, -5, 10):5
(3, 6, -8):5
(-8, -1, 0):5
(8, -8, 8):5
(1, 7, -9):5
(-1, 0, -7):5
(7, -6, 1):5
(-2, 1, 8):5
(-1, 10, -3):5
(-1, -5, 9):5
(7, 0, -9):5
(7, -9, 5):5
(-4, 1, 6):5
(6, -9, 0):5
(2, -6, 4):5
(-7, 6, -6):5
(8, -9, 2):5
(-7, 5, -5):5
(7, 0, -6):5
(1, -5, 9):5
(5, -6, 4):5
(6, -1, -3):5
(1, -3, -2):5
(7, -7, -1):5
(-5, 6, -3):5
(-4, 7, -3):5
(2, -3, -2):5
(-2, -4, 2):5
(1, 2, -7):5
(-6, 4, 2):5
(-1, 7, -2):5
(-7, 7, -3):5
(-3, -4, -1):5
(4, -6, 3):5
(-6, 2, 4):5
(-5, -5, 3):5
(-3, 0, 10):5
(0, 0, -8):5
(-6, 6, -9):5
(2, 2, -6):5
(-7, 8, -1):5
(5, 7, -9):5
(-1, -2, -4):5
(9, 0, -9):5
(10, -5, -5):5
(3, -2, 8):5
(0, -7, -2):5
(-5, -3, 5):4
(9, -9, 6):4
(-4, 5, -6):4
(9, -5, 6):4
(-4, -5, 5):4
(-7, 6, -1):4
(7, -6, 2):4
(-5, -2, 4):4
(-4, 5, 3):4
(1, -4, 10):4
(-4, -4, -1):4
(-1, -2, -3):4
(-5, 6, 4):4
(4, -2, 6):4
(-3, 6, 1):4
(4, 5, -4):4
(5, 3, -4):4
(-8, -1, 6):4
(-1, 10, -6):4
(3, 5, -6):4
(6, -9, 5):4
(6, -3, -2):4
(5, -3, -6):4
(2, 3, 2):4
(5, -3, 3):4
(5, -4, -2):4
(1, -4, 9):4
(1, 3, -6):4
(-5, -3, 1):4
(-5, 8, -4):4
(0, -6, 9):4
(-7, 1, 6):4
(0, -9, 9):4
(-2, -1, -3):4
(3, -7, 4):4
(2, 0, -7):4
(-6, 6, -7):4
(-7, -2, 5):4
(-10, 10, -1):4
(4, -3, -3):4
(7, 3, -6):4
(-2, -4, 7):4
(1, -6, 1):4
(-5, 1, -4):4
(-9, 6, -5):4
(4, 3, -6):4
(4, -6, 7):4
(8, -1, -5):4
(-7, 3, 4):4
(6, -6, 7):4
(5, -8, 0):4
(-7, 2, 3):4
(-3, -5, 2):4
(2, -2, 10):4
(-1, 9, 0):4
(9, 0, -1):4
(7, 2, -5):4
(-2, 6, -3):4
(4, -7, -1):4
(-6, -4, -1):4
(8, -8, 0):4
(-5, -1, -5):4
(6, -7, 4):4
(10, -5, 6):4
(-9, 4, 5):4
(-5, 11, 0):4
(5, 3, 0):4
(-4, 0, -4):4
(6, 3, -1):4
(1, 3, -7):4
(-8, 0, 2):4
(3, 5, -7):4
(1, 11, -1):4
(-1, -2, 11):4
(-1, -4, 12):4
(-1, 3, -7):4
(3, -7, 1):4
(7, -6, 8):4
(8, -1, 0):4
(0, 10, -6):4
(-4, -6, 4):4
(-7, 2, 0):4
(12, 0, -1):4
(10, -5, -4):4
(7, -7, 1):4
(4, 6, -7):4
(6, 1, 0):4
(2, 2, 4):4
(4, -9, 5):4
(-6, 7, -5):4
(11, 0, -1):4
(1, 5, -7):4
(-4, 4, 5):4
(10, -9, 1):4
(-6, 7, -1):4
(3, 0, -7):4
(3, 7, -9):4
(-6, 2, 3):4
(7, -9, 1):4
(0, -3, -5):4
(4, -6, 0):4
(3, 2, -6):4
(-3, -2, 1):4
(-3, -3, 0):4
(-9, 4, 0):4
(4, -9, 0):4
(0, 5, 3):4
(2, -3, -3):4
(6, -7, 5):4
(4, 0, 3):4
(9, 1, -5):4
(0, -9, 4):4
(-4, 5, -7):4
(-6, 3, -1):4
(-7, -1, 2):4
(9, 0, -3):4
(0, -3, -6):4
(11, -1, 0):4
(2, -5, 8):4
(4, -4, -5):4
(-6, 6, 4):4
(-1, -4, -2):4
(-9, 5, 4):4
(11, -5, 5):4
(6, 0, -8):4
(-5, 4, 5):4
(3, -7, 0):4
(-1, 1, -7):4
(1, -7, 0):4
(0, -2, -5):4
(4, 1, 4):4
(-6, 0, 4):4
(-6, 4, 1):4
(7, -12, 7):4
(8, -1, 1):4
(2, -6, 3):4
(3, -5, 9):4
(4, -4, -6):4
(-5, 3, -6):4
(3, -6, 4):4
(5, 5, 0):4
(2, 1, -6):4
(-5, 6, 3):4
(6, -6, 8):4
(-6, 8, -5):4
(4, 2, 3):4
(-1, 8, -7):4
(-6, 0, 3):4
(-6, 2, 1):4
(6, -4, -4):4
(2, -2, -7):4
(-7, 4, 3):4
(-3, -2, 4):4
(10, -7, -3):4
(-7, -3, 0):4
(3, -7, 3):4
(-5, 4, 3):4
(-2, 2, -6):4
(4, -7, 7):4
(-6, 1, 6):4
(4, 0, -9):4
(-7, 0, 4):4
(1, -1, -6):4
(-1, -6, 6):4
(-3, 3, -6):4
(-4, 0, -3):4
(1, -6, 5):4
(6, 2, -1):4
(3, -7, 2):4
(7, -2, -4):4
(-7, 0, 3):4
(-7, 0, 7):4
(1, 5, 4):4
(-5, 7, -3):4
(5, 4, -9):4
(5, 4, 0):4
(0, 4, -10):4
(4, -10, 1):4
(-10, 1, 2):4
(4, -6, 5):4
(1, 1, 6):4
(-9, -1, 3):4
(10, -9, 3):4
(-1, 10, -8):4
(8, -10, 8):4
(3, 6, -10):4
(-4, -4, 4):4
(-4, 7, 0):4
(2, 1, 3):4
(2, -3, -4):4
(2, 5, -6):4
(7, -6, 5):4
(-2, 10, -2):4
(12, -7, 5):4
(-2, 3, 4):4
(5, 1, -4):4
(1, -6, 0):4
(-8, -1, 5):4
(7, -1, 3):4
(-3, 5, 2):4
(-2, 8, 0):4
(4, -7, 5):4
(-7, -2, 0):4
(2, -1, 8):3
(9, -4, 2):3
(-7, 3, 2):3
(-6, 9, -9):3
(-9, 6, -6):3
(-4, -2, 3):3
(-1, -5, 8):3
(6, -4, -5):3
(7, 3, -1):3
(3, 6, 0):3
(10, 0, -4):3
(1, -6, 8):3
(10, -6, 6):3
(-4, -5, 9):3
(6, -11, 0):3
(9, -6, 6):3
(4, 5, 0):3
(5, -6, 3):3
(7, 3, 0):3
(1, 7, -4):3
(2, -5, -3):3
(3, 6, -6):3
(-2, -2, 9):3
(-2, 9, -4):3
(3, -6, 1):3
(-6, 1, 2):3
(-2, 6, -7):3
(-3, 1, -4):3
(10, 1, -5):3
(-4, 10, 0):3
(3, -9, 5):3
(0, 6, 2):3
(-4, 6, 1):3
(-5, 2, -6):3
(2, -2, 8):3
(-5, 6, 1):3
(-1, -5, -4):3
(0, 9, -6):3
(-7, 7, 0):3
(-4, -2, -1):3
(-3, 3, 2):3
(2, -7, 7):3
(-2, -7, 5):3
(-1, -5, -2):3
(5, 1, 4):3
(-10, 10, -10):3
(-3, -3, 4):3
(-3, -3, 7):3
(-4, 6, 4):3
(7, -4, 1):3
(4, -4, 8):3
(3, -9, 6):3
(0, -6, -2):3
(-6, 5, 5):3
(2, 6, 1):3
(-4, -5, 1):3
(0, -7, 10):3
(-6, 9, -3):3
(-4, 8, -4):3
(-4, 1, 8):3
(-5, -2, 11):3
(-5, 8, -8):3
(8, -8, 5):3
(3, 4, -7):3
(5, 4, -7):3
(5, -6, -2):3
(-3, 0, 7):3
(-3, -6, 5):3
(-5, 4, 4):3
(4, -3, -7):3
(-3, -7, 7):3
(3, 1, 6):3
(-1, -6, 9):3
(5, -3, -5):3
(2, -4, 7):3
(-7, 3, -1):3
(-9, 6, -4):3
(6, -2, -3):3
(3, -6, -1):3
(-8, 0, 1):3
(-2, 1, 7):3
(-3, 6, -7):3
(-1, 0, -10):3
(3, -4, 8):3
(1, 7, -6):3
(0, 4, -7):3
(1, 4, 2):3
(7, 3, -9):3
(3, -9, 9):3
(-6, 0, -5):3
(9, -2, -5):3
(8, -9, -1):3
(-1, 7, -12):3
(-1, 1, 11):3
(-6, 2, 5):3
(-1, -2, 8):3
(-4, 7, -7):3
(0, 8, -1):3
(-4, -2, -3):3
(5, 0, 7):3
(0, -7, 2):3
(6, 2, 0):3
(0, 12, 0):3
(-3, 3, 5):3
(-1, 8, -9):3
(3, -1, 8):3
(7, 1, -1):3
(5, -4, -3):3
(-5, 7, 3):3
(6, -6, -5):3
(1, 6, 1):3
(0, -7, 5):3
(-5, -5, 2):3
(-1, -7, -1):3
(-1, -6, 0):3
(-1, -7, 0):3
(-3, -2, -1):3
(-1, 8, 1):3
(-2, -5, 6):3
(-1, 1, -8):3
(-8, 1, -1):3
(0, 10, -9):3
(0, 10, -2):3
(-5, 3, 7):3
(-7, 3, 0):3
(-2, -5, 2):3
(-5, -3, 8):3
(-2, -4, -1):3
(6, -6, -2):3
(1, 8, -9):3
(0, 0, 12):3
(5, -3, 5):3
(4, 4, -9):3
(-9, 0, 2):3
(9, -9, 8):3
(-4, 0, 8):3
(1, 10, -5):3
(1, -1, -8):3
(-1, -8, -1):3
(10, -1, 1):3
(8, -4, -2):3
(-9, 8, -6):3
(5, -9, 4):3
(4, 5, -1):3
(-1, 7, 1):3
(7, 1, -5):3
(-7, 10, -4):3
(-2, -3, 10):3
(-3, 10, -4):3
(10, -4, 3):3
(-1, -4, -3):3
(6, 1, -4):3
(9, -7, 1):3
(5, 3, 1):3
(0, 0, -10):3
(0, -10, 10):3
(5, -5, -6):3
(5, 6, -1):3
(-1, 11, -1):3
(6, -7, 7):3
(-3, -3, 6):3
(-6, -5, 1):3
(-3, 1, 9):3
(1, 9, -4):3
(6, -2, -4):3
(-5, 9, -4):3
(9, -5, -5):3
(-9, 4, -1):3
(-1, -1, -7):3
(-1, 1, 8):3
(3, -4, -3):3
(-1, 3, 8):3
(-8, 1, 4):3
(6, 0, -7):3
(6, 0, 5):3
(-10, 6, 0):3
(3, 2, -8):3
(-8, -1, 3):3
(10, -10, 0):3
(2, 6, -7):3
(-3, 1, 6):3
(-7, 2, 2):3
(-1, 11, 0):3
(1, 1, 7):3
(5, -2, -4):3
(1, 9, 0):3
(-4, -5, -1):3
(0, 3, 7):3
(-2, -2, 10):3
(-1, 10, 0):3
(-7, -1, 3):3
(9, -5, 4):3
(6, -6, -6):3
(-2, -7, 7):3
(0, -7, 4):3
(-1, -7, 4):3
(5, -4, -5):3
(-4, -5, 4):3
(3, -2, 7):3
(-7, 4, 1):3
(5, 0, -8):3
(4, -7, 4):3
(-1, 0, -9):3
(-4, 3, 10):3
(6, 4, -4):3
(5, 1, -6):3
(1, 9, -3):3
(7, -12, 6):3
(2, 2, -8):3
(2, -8, 3):3
(-8, 3, 3):3
(-3, 0, -3):3
(0, 6, 5):3
(6, 5, -6):3
(7, -3, 3):3
(-3, 3, -7):3
(3, -7, 7):3
(7, -3, -4):3
(4, -6, 4):3
(-3, 2, 5):3
(2, 2, 5):3
(2, 4, -3):3
(-5, 5, -9):3
(5, 7, -5):3
(-1, -2, 7):3
(-9, 0, 3):3
(-4, 2, 8):3
(6, -10, 6):3
(-10, 6, -6):3
(6, -6, 10):3
(-6, 10, -7):3
(6, -10, 0):3
(10, 0, -3):3
(0, -3, -7):3
(-3, -7, 0):3
(10, -6, -1):3
(8, 0, -6):3
(-4, -3, 5):3
(-2, 4, 3):3
(4, 3, 0):3
(7, -9, 3):3
(5, 4, -6):3
(-1, 7, -3):3
(2, -6, 0):3
(-7, 1, 2):3
(-2, -5, 11):3
(-4, 7, -9):3
(-4, 11, 0):3
(-7, 7, -5):3
(-2, 8, -7):3
(6, 5, -5):3
(-9, 4, 2):3
(4, -9, 7):3
(-9, 7, 0):3
(-2, 7, -8):3
(7, -8, 2):3
(-8, 2, 1):3
(-9, 0, 4):3
(4, 3, 4):3
(1, -5, 11):3
(3, -9, 2):3
(9, -5, -2):3
(-8, -1, 7):3
(2, 3, -7):3
(6, 3, -8):3
(-4, 0, 9):3
(7, -8, 3):3
(-5, -2, 8):3
(9, -3, -1):3
(-6, 1, 4):3
(-1, 7, 3):3
(0, 3, -8):3
(8, -7, -1):3
(8, 0, -2):3
(8, -6, -1):3
(-3, 5, -7):3
(8, -1, -7):3
(-4, -2, 5):3
(-3, -2, 6):2
(2, 6, -3):2
(-3, -1, -5):2
(3, 5, -2):2
(3, 6, -2):2
(5, -1, 4):2
(-4, 4, 7):2
(6, -2, 3):2
(6, -5, 8):2
(-9, 5, 1):2
(-6, 8, 0):2
(4, 4, -4):2
(-2, -3, 9):2
(0, 6, -11):2
(-11, 0, 9):2
(5, -1, -6):2
(-1, -6, 1):2
(6, 3, -3):2
(-1, -3, 9):2
(-1, 6, -9):2
(-3, 6, 3):2
(-2, 6, -8):2
(6, -8, 2):2
(-8, 2, 2):2
(-1, 3, -8):2
(10, -6, 1):2
(5, 3, -1):2
(-2, 6, 3):2
(2, 6, -9):2
(-4, 10, 1):2
(-6, 9, -4):2
(6, 3, -9):2
(6, -8, 6):2
(0, -9, 10):2
(2, -5, 10):2
(-1, -3, 7):2
(6, -3, 6):2
(-4, -5, 6):2
(-5, 7, -7):2
(7, 0, -2):2
(-1, 2, 8):2
(2, 8, -4):2
(-1, 1, -9):2
(-9, 0, 7):2
(4, 1, -8):2
(-2, -6, 6):2
(-4, 7, -2):2
(-3, -4, 5):2
(5, 2, 1):2
(-6, 3, 2):2
(5, -8, 5):2
(5, 1, -7):2
(-7, 9, -9):2
(-5, 4, -7):2
(10, -1, -5):2
(10, -1, -1):2
(-4, -3, 6):2
(-10, 8, 2):2
(1, -3, -3):2
(-3, -3, -3):2
(-6, 0, -4):2
(-4, 1, -6):2
(-2, 10, -3):2
(1, 3, -9):2
(-5, 8, 0):2
(-5, 3, -7):2
(-3, 9, -9):2
(-2, 1, 9):2
(-2, -2, -7):2
(-2, -7, -1):2
(2, -1, -6):2
(6, 1, 2):2
(-11, 8, -1):2
(8, -1, -2):2
(-2, 7, -4):2
(7, -4, 6):2
(-8, 6, 4):2
(6, 4, -8):2
(8, -4, -5):2
(-7, 10, -7):2
(-10, 3, -2):2
(8, -4, 1):2
(-2, -2, 7):2
(1, 8, -1):2
(-3, 4, -6):2
(-6, 2, 7):2
(-3, -5, 8):2
(-5, 8, -3):2
(-4, 5, 4):2
(5, 1, 3):2
(-9, 4, -6):2
(-6, 7, 2):2
(-7, 6, 1):2
(4, -4, -3):2
(-4, -3, 7):2
(7, -7, 9):2
(-6, 1, -6):2
(1, -6, 4):2
(-6, 4, -2):2
(4, -2, 9):2
(-3, -1, -2):2
(-10, 9, -8):2
(4, 5, -3):2
(-3, -6, 4):2
(-6, 4, 3):2
(4, 3, -1):2
(-2, 4, -7):2
(11, -9, 6):2
(0, 7, 2):2
(-4, 10, 3):2
(1, -6, 9):2
(-5, -1, 11):2
(-1, 2, -8):2
(2, -8, 11):2
(8, -1, -3):2
(7, -6, 4):2
(2, -7, 1):2
(5, -10, -1):2
(0, 8, -8):2
(-9, -1, 9):2
(4, 6, 1):2
(-1, -6, 3):2
(-3, -5, 3):2
(-1, -3, 10):2
(3, -6, -4):2
(-6, -2, 5):2
(-7, 4, -4):2
(0, -1, 11):2
(6, 0, 4):2
(0, -5, 11):2
(-9, 6, 0):2
(-6, 6, 3):2
(-3, -6, 0):2
(-1, 9, -2):2
(5, 0, 6):2
(7, 2, 0):2
(2, 5, -7):2
(0, -2, -6):2
(-2, -6, 5):2
(-12, 0, 2):2
(0, -2, -7):2
(11, -1, -4):2
(11, -5, 4):2
(4, 1, -6):2
(-1, 13, -5):2
(-4, 12, 0):2
(1, 6, -3):2
(-1, -3, 11):2
(11, -11, 11):2
(7, 6, -4):2
(-4, 2, 7):2
(-1, 9, -3):2
(7, 2, 7):2
(7, -12, 2):2
(-12, 2, 7):2
(4, 6, -10):2
(6, -10, 4):2
(-10, 4, 6):2
(-3, 6, 4):2
(6, 4, -6):2
(-6, 4, 6):2
(3, 7, -6):2
(-2, 3, 6):2
(6, 1, -6):2
(2, 4, 1):2
(2, -8, -1):2
(-1, 5, -8):2
(5, -8, 3):2
(0, -8, 3):2
(-4, -4, 9):2
(-3, 7, -1):2
(4, -9, 3):2
(-5, 7, 2):2
(-6, 3, -5):2
(-4, 4, -9):2
(0, 0, 11):2
(3, -3, 9):2
(-3, 9, 1):2
(9, 1, -1):2
(3, 5, -3):2
(-9, 5, -4):2
(-1, -6, 7):2
(-6, -4, 0):2
(-7, 1, 3):2
(8, 1, -1):2
(-1, -7, 6):2
(0, -2, 10):2
(-5, -2, 10):2
(10, -5, -3):2
(2, -8, 0):2
(2, -3, 8):2
(-9, 2, 2):2
(7, -7, 3):2
(0, -2, 8):2
(-5, -4, 7):2
(7, -5, 8):2
(10, -9, 8):2
(-9, 8, -5):2
(6, -8, 8):2
(-5, -6, 0):2
(7, -1, -3):2
(2, 8, -5):2
(-1, 1, 10):2
(10, 3, -4):2
(-1, 10, -1):2
(5, 5, 1):2
(6, -3, 4):2
(4, 5, -9):2
(5, 2, -4):2
(5, -4, 7):2
(-7, 4, -5):2
(-4, -3, 2):2
(0, -7, 7):2
(1, 9, -7):2
(-5, 0, 11):2
(3, 7, -10):2
(7, -10, 10):2
(-5, -6, 1):2
(-4, 5, 6):2
(3, -2, -5):2
(6, -1, -7):2
(1, -1, 11):2
(11, -1, -5):2
(5, 5, -1):2
(6, 4, 0):2
(1, 6, -7):2
(3, -4, 10):2
(-4, 8, 0):2
(-4, 9, -9):2
(-7, 10, -5):2
(1, -2, 9):2
(1, -6, 2):2
(-5, -5, 11):2
(0, -9, 2):2
(0, -8, 7):2
(-6, 0, -2):2
(0, -2, 9):2
(-6, 8, -9):2
(-9, -1, 0):2
(-9, -1, 7):2
(-3, 0, 9):2
(9, -9, 4):2
(-2, 0, 10):2
(8, -8, -1):2
(-8, -1, 2):2
(8, -1, -1):2
(-4, -3, 1):2
(6, -7, 2):2
(-4, 10, -10):2
(1, -2, -5):2
(9, -5, 3):2
(0, 6, -7):2
(-4, 6, 2):2
(1, 4, 4):2
(7, -1, -4):2
(9, 0, 1):2
(-2, -6, 2):2
(6, -3, 1):2
(3, 4, -6):2
(2, -1, 10):2
(6, -4, 5):2
(-2, -5, 7):2
(-6, -3, -1):2
(8, -7, 5):2
(4, -8, 0):2
(-7, 1, 9):2
(-5, 8, -9):2
(4, -5, 9):2
(7, -1, 1):2
(-6, 0, 5):2
(1, 1, -6):2
(7, -9, 6):2
(3, 4, 5):2
(-4, -4, 0):2
(1, 7, -7):2
(7, 2, -2):2
(-7, 7, 2):2
(2, 7, -7):2
(-1, -7, 10):2
(6, -8, 7):2
(-8, 7, -5):2
(4, 3, -3):2
(-6, 1, 3):2
(-7, 1, 1):2
(-4, -3, -1):2
(4, 4, 0):2
(0, -9, 6):2
(4, 4, -1):2
(3, 1, -8):2
(3, -9, 0):2
(0, 5, 5):2
(1, -6, -1):2
(-3, 5, -6):2
(3, -4, -6):2
(-6, 6, 2):2
(0, -6, 15):2
(-6, 15, 0):2
(15, 0, -6):2
(-5, 10, -4):2
(9, -3, -3):2
(-3, 1, -6):2
(1, -6, -5):2
(-6, 6, -11):2
(6, -11, -2):2
(-11, -2, -1):2
(-2, 11, 4):2
(11, 4, -12):2
(4, -12, 1):2
(-12, 1, -1):2
(-3, 7, -10):2
(7, -10, 4):2
(-10, 4, 7):2
(4, 7, -12):2
(-12, 6, 0):2
(-4, -6, -1):2
(0, 6, 4):2
(7, -3, -7):2
(7, -3, 5):2
(-1, 9, 4):2
(9, 4, 3):2
(3, -4, -8):2
(-4, -8, 15):2
(-8, 15, -4):2
(15, -4, -8):2
(-4, -8, 6):2
(-8, 6, -7):2
(-3, -4, 3):2
(-2, -2, -3):2
(5, 4, -1):2
(4, -9, -1):2
(-5, 0, -12):2
(0, -12, -5):2
(-12, -5, 0):2
(0, -10, 6):2
(-7, 0, -4):2
(0, 5, -8):2
(5, -8, 6):2
(0, -7, -5):2
(0, -10, -5):2
(-3, -4, 7):2
(0, -3, 11):2
(-3, 11, -5):2
(-3, -3, 5):2
(-4, 0, 11):2
(0, 11, -5):2
(2, 4, 3):2
(-2, -5, 3):2
(5, -6, 9):2
(-9, 4, -3):2
(-9, 4, 3):2
(4, 0, -7):2
(-9, 5, 7):2
(-4, -1, 11):2
(-9, 3, 3):2
(-6, 5, -6):2
(10, -8, 0):2
(-5, 7, -9):2
(-2, -5, 1):2
(0, 10, -1):2
(-1, 0, -12):2
(-12, 6, -1):2
(10, 0, 1):2
(2, 8, -10):2
(0, -4, -6):2
(-10, 10, -4):2
(-7, 0, 5):2
(10, -1, 0):2
(4, -6, -5):2
(-6, -5, 4):2
(12, -5, 4):2
(-1, 6, 5):2
(-9, 0, 11):2
(3, 3, -7):2
(-4, 10, -7):2
(10, -7, 1):2
(0, 6, -10):2
(7, 3, -7):2
(9, -3, 3):2
(10, -3, 3):2
(-9, 0, 1):2
(-3, -4, 0):2
(4, -8, 6):2
(0, 9, -13):2
(9, -13, -1):2
(-13, -1, 0):2
(-8, 0, 10):2
(10, 0, -6):2
(0, -6, 7):2
(-6, 7, -9):2
(-9, 3, 0):2
(-6, -2, 4):2
(-7, 7, -4):2
(4, 2, -6):2
(-5, 12, -5):2
(-7, 3, 3):2
(8, -3, 3):2
(-5, 9, -8):2
(9, -8, 5):2
(-6, 2, -3):2
(-12, 7, -7):2
(7, -7, 12):2
(-7, 12, -7):2
(5, 5, -8):2
(-8, 3, -5):2
(-5, 6, -7):2
(-5, 11, -1):2
(-11, 6, 0):2
(-2, 2, 8):2
(-4, 8, -1):2
(0, -3, -4):2
(4, -9, 6):2
(-4, 12, -5):2
(12, -5, -1):2
(-2, 11, 0):2
(-2, 2, -8):2
(7, -5, 11):2
(-1, -4, 11):2
(1, -4, -5):2
(10, -8, -3):2
(-8, -3, 6):2
(-4, -5, 0):2
(-4, 6, 5):2
(2, -6, -1):2
(5, -7, 8):2
(1, 6, 4):2
(0, -6, 4):2
(6, -2, 4):2
(7, 5, -5):2
(3, -1, -8):2
(-1, -8, 1):2
(-8, 1, 3):2
(-8, -2, 5):2
(1, 8, 0):2
(-2, 6, -10):2
(5, -9, 1):2
(7, -3, -1):2
(-3, 5, 1):2
(4, -9, 8):2
(1, 9, -8):2
(8, -8, 2):2
(-8, 2, -1):2
(-6, 0, -3):2
(-9, 9, -3):2
(-9, 9, 1):2
(1, 4, -9):2
(-9, 7, -5):2
(1, -5, -2):2
(-5, 6, -8):2
(-4, 1, -5):2
(-3, -7, 4):2
(-7, 4, 6):2
(-5, 5, 3):2
(3, -8, -1):2
(4, 4, -2):2
(7, 0, -8):2
(0, -8, 8):2
(-8, 8, 0):2
(8, 0, -8):2
(4, 0, 5):2
(7, -3, -2):2
(-5, -3, 7):2
(5, -5, 11):2
(0, 8, -4):2
(6, -4, 6):2
(6, 0, -10):2
(0, -9, 8):2
(5, -4, 6):2
(2, -4, 9):2
(8, -1, 2):2
(-7, 8, -8):2
(-3, 8, -7):2
(8, -7, 6):2
(8, -7, 3):2
(7, -7, 8):2
(5, 3, -7):2
(-8, 7, 1):2
(5, -7, 6):2
(10, -2, 0):2
(-7, 5, -6):2
(-7, 3, -4):2
(-4, -3, 3):2
(-7, -2, 2):2
(-3, 7, -7):2
(7, -7, 6):2
(-1, 7, -8):2
(9, -9, 10):2
(-6, 5, -7):2
(5, 2, -7):2
(3, 10, 0):2
(10, 0, -2):2
(-1, -7, 8):2
(-7, -1, 5):2
(-9, 7, -1):2
(5, 3, -9):2
(4, -7, 6):2
(-7, 6, -5):2
(3, 7, 0):2
(3, -7, 6):2
(-2, -1, -5):2
(-2, 8, -6):2
(8, -6, 1):2
(-6, -1, -2):2
(3, -4, 9):1
(-4, 2, -7):1
(2, -7, 3):1
(-2, -4, 9):1
(9, -4, 3):1
(-5, 6, -9):1
(6, -9, 2):1
(4, 7, -5):1
(-4, 6, -7):1
(-3, -4, 8):1
(-7, -1, 6):1
(4, 6, -1):1
(0, -6, -3):1
(-6, -3, 9):1
(-3, 9, -6):1
(-4, -5, 8):1
(-3, 9, 0):1
(2, 1, 6):1
(6, 3, 0):1
(-4, 7, 3):1
(3, 3, 2):1
(8, 0, -7):1
(-3, -2, -4):1
(5, 5, -3):1
(-2, 4, 6):1
(-8, 6, -4):1
(5, -1, -10):1
(-1, -10, 10):1
(-2, -3, 7):1
(-9, 6, -2):1
(7, -5, -6):1
(5, -3, 4):1
(-4, 10, -3):1
(10, -3, -2):1
(3, 6, -3):1
(6, 2, -4):1
(7, -6, -5):1
(-6, -5, 10):1
(1, -9, 0):1
(7, -3, 1):1
(1, -8, 0):1
(-8, 0, -4):1
(4, 7, -4):1
(7, -4, -2):1
(5, -4, -9):1
(-4, -9, 10):1
(-9, 10, -3):1
(10, -3, 1):1
(3, -2, -6):1
(-7, -2, -1):1
(-7, 7, -2):1
(-4, -2, 10):1
(-2, 10, 3):1
(10, 3, -7):1
(-2, 5, -8):1
(5, -2, -7):1
(5, 4, -2):1
(1, 5, 1):1
(1, -7, 9):1
(-9, 6, 4):1
(6, 4, -13):1
(4, -13, 9):1
(-13, 9, -3):1
(9, -3, 7):1
(4, -7, 10):1
(-7, 10, -1):1
(2, -10, 10):1
(-3, 6, 2):1
(6, 2, -10):1
(2, -10, 8):1
(8, 2, 1):1
(-3, 7, 3):1
(6, 4, -2):1
(-6, 1, -3):1
(1, -4, -2):1
(-2, 0, -6):1
(3, -2, 10):1
(-9, 6, 2):1
(3, -7, 9):1
(-7, 9, -1):1
(-9, 1, 4):1
(-6, -2, 1):1
(1, 9, -6):1
(9, -6, 3):1
(-4, 8, 3):1
(8, 3, -5):1
(3, -1, -6):1
(-6, 5, 2):1
(5, -9, 2):1
(-9, 2, 6):1
(-2, -1, -11):1
(-1, -11, 8):1
(-7, 5, 3):1
(5, -2, 7):1
(6, -5, -8):1
(-5, -8, 6):1
(4, -8, 1):1
(-8, 1, 1):1
(-5, 3, 8):1
(3, 8, -4):1
(10, -7, 5):1
(5, -7, 11):1
(-7, 11, -13):1
(11, -13, 10):1
(-13, 10, -7):1
(10, -7, 9):1
(-7, 9, -13):1
(9, -13, 4):1
(-13, 4, 3):1
(3, -6, 13):1
(-6, 13, -10):1
(13, -10, 3):1
(9, -3, -6):1
(-6, 9, 1):1
(9, 1, -4):1
(-6, 7, -4):1
(7, -4, 5):1
(-2, 11, -4):1
(11, -4, -6):1
(-4, -3, 4):1
(2, 7, -3):1
(7, -3, -5):1
(8, -3, -5):1
(-8, 5, 3):1
(4, -7, -2):1
(3, -4, -7):1
(-4, -7, 1):1
(-7, 1, 8):1
(8, -5, -6):1
(-6, 7, -2):1
(7, -2, 2):1
(-7, 4, -3):1
(4, -3, 7):1
(-3, 7, -9):1
(7, 2, -7):1
(0, 7, 8):1
(7, 8, -5):1
(-6, 3, 7):1
(3, 7, -3):1
(7, -3, -6):1
(6, -6, -3):1
(-8, 0, 5):1
(4, 4, -3):1
(-7, 9, -5):1
(7, -2, -7):1
(-2, -7, 2):1
(-2, 9, -3):1
(9, -3, 2):1
(-2, 1, 11):1
(1, 11, -2):1
(11, -2, 1):1
(-2, 10, 2):1
(10, 2, -5):1
(7, -2, 1):1
(5, -3, -9):1
(-3, -9, -3):1
(-9, -3, 8):1
(-3, 8, -4):1
(8, -4, 9):1
(-4, 9, -10):1
(9, -10, 9):1
(9, -8, -3):1
(-8, -3, -1):1
(9, -5, -10):1
(-5, -10, 7):1
(-10, 7, 4):1
(7, 4, 5):1
(-6, 4, 5):1
(-1, 6, -11):1
(6, -11, 11):1
(-11, 11, -9):1
(4, -3, 5):1
(10, 3, -6):1
(6, -5, 9):1
(-9, 7, 2):1
(2, -9, 11):1
(-9, 11, -6):1
(11, -6, 1):1
(-4, 1, 9):1
(-8, 11, -5):1
(9, -5, 7):1
(-4, 3, 8):1
(-6, 4, -4):1
(-5, 5, -10):1
(-10, -1, 1):1
(1, 7, -1):1
(-3, 0, 8):1
(-2, 0, 9):1
(3, 6, -11):1
(-11, 0, -1):1
(10, 0, -1):1
(-6, -1, 9):1
(-6, 3, 6):1
(-4, -1, -10):1
(-1, -10, 11):1
(-10, 11, 0):1
(7, -3, 2):1
(-6, 2, -5):1
(0, -4, -12):1
(-4, -12, 17):1
(-12, 17, -5):1
(17, -5, -1):1
(0, -10, 18):1
(-10, 18, -5):1
(18, -5, 0):1
(10, 3, -5):1
(4, 5, 1):1
(-9, 4, -2):1
(4, -2, 8):1
(-1, 2, -13):1
(2, -13, 2):1
(-13, 2, -1):1
(0, 10, 1):1
(10, 1, -1):1
(1, -3, -5):1
(-3, -5, -1):1
(-3, -2, 9):1
(-2, 9, 0):1
(-7, 2, 5):1
(1, 1, -12):1
(1, -12, -4):1
(-12, -4, 1):1
(7, -12, 0):1
(-1, -7, 12):1
(-7, 12, -1):1
(12, -1, 2):1
(-2, -7, 4):1
(4, -9, 11):1
(-9, 11, -5):1
(11, -5, 1):1
(-2, 11, -5):1
(1, -4, -3):1
(1, -1, 13):1
(13, -5, 1):1
(12, 0, 0):1
(2, -5, 11):1
(-1, 9, -6):1
(9, -6, 2):1
(0, -1, -9):1
(-1, -9, -4):1
(-9, -4, 6):1
(6, 1, 6):1
(-3, 11, -11):1
(-11, 11, -4):1
(11, -4, -1):1
(7, -4, 2):1
(3, 3, 4):1
(-4, 8, -2):1
(8, -2, -4):1
(-1, 2, -11):1
(2, -11, 7):1
(-11, 7, 6):1
(-6, 8, -1):1
(-6, -4, 1):1
(10, -9, 5):1
(1, 4, 5):1
(-3, -1, 9):1
(9, -3, 5):1
(-1, 1, -10):1
(1, -10, 7):1
(-10, 7, 2):1
(9, -4, -2):1
(6, -4, -6):1
(2, -1, -11):1
(-1, -11, 6):1
(-11, 6, 2):1
(-1, 0, 12):1
(12, 0, 5):1
(1, 6, 2):1
(6, 2, -8):1
(12, -12, 12):1
(-12, 12, 0):1
(1, -6, 11):1
(-6, 11, -5):1
(2, 7, -4):1
(-5, 7, 1):1
(-7, -1, 9):1
(9, 0, -8):1
(1, -4, 7):1
(-1, -1, -6):1
(-6, -5, -1):1
(2, 6, 2):1
(2, 0, -10):1
(0, -10, -1):1
(-10, -1, 3):1
(-9, 3, 1):1
(5, -5, -8):1
(-5, -8, 10):1
(-8, 10, -2):1
(10, -2, 1):1
(9, -6, -1):1
(-1, 9, 6):1
(9, 6, -5):1
(-2, 0, -9):1
(3, -8, 6):1
(2, 4, -7):1
(4, -7, 1):1
(1, -2, 10):1
(0, 4, 7):1
(4, 7, -6):1
(10, -2, -7):1
(-5, 8, -11):1
(8, -11, 5):1
(-11, 5, -5):1
(3, 5, -10):1
(5, -10, 4):1
(-10, 4, 1):1
(2, -6, 8):1
(-6, 8, -8):1
(-8, 0, 3):1
(-2, -1, -7):1
(8, -9, 1):1
(0, 12, 1):1
(12, 1, -1):1
(0, -1, -10):1
(-1, -10, 0):1
(-10, 0, -1):1
(-4, 9, -1):1
(9, -1, 1):1
(0, 8, -12):1
(8, -12, 1):1
(-12, 1, 0):1
(-5, -4, -5):1
(-8, 8, -4):1
(4, 0, 4):1
(6, -5, -6):1
(1, -2, 8):1
(1, 7, -3):1
(5, -5, -9):1
(-5, -9, 5):1
(5, 5, -2):1
(-6, 2, 8):1
(0, 0, -12):1
(0, -12, 15):1
(-12, 15, 2):1
(15, 2, -8):1
(2, -8, 9):1
(-8, 9, -9):1
(-1, 1, -12):1
(1, -12, 10):1
(-12, 10, 3):1
(-5, 9, 1):1
(-1, 0, -11):1
(0, -11, 10):1
(-11, 10, 3):1
(10, 3, 3):1
(8, -6, 8):1
(-6, 8, -2):1
(8, -2, 1):1
(4, -6, -6):1
(-6, -6, -1):1
(-6, -1, 10):1
(-1, 10, 1):1
(6, -7, 9):1
(-7, 9, 0):1
(-9, -1, 5):1
(-4, 3, -10):1
(3, -10, 9):1
(-10, 9, -4):1
(9, -4, 6):1
(-4, 10, 4):1
(10, 4, -5):1
(-7, 1, -2):1
(2, -7, -1):1
(1, -1, 12):1
(-1, 12, -4):1
(12, -4, 1):1
(-5, 5, 6):1
(2, -7, 0):1
(-5, 1, 11):1
(-1, -7, 2):1
(-3, -1, -4):1
(-5, 1, 10):1
(6, -3, -7):1
(-3, -7, -1):1
(3, 2, -7):1
(2, -7, 4):1
(-7, 4, 2):1
(4, 2, 1):1
(4, -7, 2):1
(3, 3, -10):1
(3, -10, 0):1
(3, -7, 10):1
(5, 2, 5):1
(-7, -2, 6):1
(-1, 9, 1):1
(-9, 2, -3):1
(-5, 1, -6):1
(-5, 10, -9):1
(7, -2, -3):1
(-8, 7, -6):1
(-6, 8, -6):1
(8, -6, 6):1
(-3, 7, -6):1
(2, 5, -3):1
(-6, 0, 7):1
(1, -1, -11):1
(-1, -11, 9):1
(-11, 9, 0):1
(9, 0, -2):1
(5, 1, -9):1
(1, -9, 4):1
(6, -9, -1):1
(-9, 8, -9):1
(-2, 9, -2):1
(-9, 4, -5):1
(0, 9, -2):1
(9, -2, 2):1
(7, -1, 2):1
(5, 1, 1):1
(9, -1, -1):1
(1, 8, -8):1
(9, -4, -5):1
(3, 8, -3):1
(8, -3, 2):1
(-3, -2, 7):1
(-2, 7, 1):1
(1, 11, 0):1
(-5, 0, -7):1
(-5, -2, -4):1
(5, 3, -2):1
(-1, -1, -10):1
(-1, -10, 6):1
(2, -8, 10):1
(-8, 10, -5):1
(-12, 7, -2):1
(4, -9, 2):1
(1, 7, 4):1
(7, 4, -5):1
(-7, 6, 6):1
(6, 6, -1):1
(10, -10, 5):1
(-10, 5, 0):1
(7, 1, 0):1
(-2, 2, -7):1
(-1, 3, -9):1
(0, -3, -3):1
(-6, 1, 7):1
(10, -6, 0):1
(-6, 4, -3):1
(4, 1, 5):1
(-3, 2, 6):1
(3, 3, -8):1
(-8, 3, 2):1
(6, -2, 7):1
(4, 4, -6):1
(6, -3, -5):1
(-3, -5, 7):1
(4, -2, -6):1
(-2, 10, -4):1
(2, 2, 7):1
(-2, 6, 1):1
(-8, 6, -5):1
(2, -2, -6):1
(10, 0, -10):1
(-6, 5, 4):1
(5, -6, -3):1
(7, -7, 10):1
(-3, -5, 0):1
(0, -6, -4):1
(5, 4, -8):1
(1, 9, -10):1
(9, -10, 1):1
(-10, 1, 9):1
(6, -2, 6):1
(-5, 5, -13):1
(5, -13, 11):1
(-13, 11, 1):1
(11, 1, -1):1
(-1, -5, -5):1
(3, -5, -5):1
(-6, 1, 9):1
(0, 1, -11):1
(1, -11, 0):1
(-11, 0, 0):1
(0, 9, 1):1
(9, 1, -3):1
(4, 5, 3):1
(0, -10, 0):1
(-7, 3, -3):1
(-6, -6, 6):1
(-6, 6, 6):1
(6, 6, -6):1
(-6, -6, 7):1
(0, 9, -1):1
(6, -8, 11):1
(-8, 11, -1):1
(11, -1, -3):1
(6, -6, 9):1
(-3, 4, 5):1
(2, 6, -8):1
(6, -8, -4):1
(-8, -4, 2):1
(1, 6, -8):1
(0, 10, -7):1
(4, 5, -7):1
(-5, -5, 8):1
(-3, 4, 4):1
(-4, 1, 7):1
(2, 3, 5):1
(2, -3, 9):1
(3, -3, 8):1
(-9, 6, -3):1
(-7, 4, 4):1
(0, -9, -1):1
(3, 10, -4):1
(8, 1, -5):1
(0, -8, 6):1
(-4, -1, -6):1
(3, -1, -7):1
(10, -7, 2):1
(-3, 9, -4):1
(9, -4, -3):1
(-4, -3, -4):1
(2, -1, -7):1
(-4, 7, -6):1
(-2, -1, -4):1
(9, 0, -7):1
(-7, -5, 12):1
(-5, 12, 0):1
(12, 0, -10):1
(-10, -5, 15):1
(-5, 15, 0):1
(15, 0, -1):1
(-7, 7, -10):1
(-3, -4, -2):1
(3, -9, -1):1
(8, 0, -1):1
(2, 5, -9):1
(5, -3, 6):1
(-3, 5, 4):1
(-5, -3, 10):1
(5, -9, 10):1
(9, -5, -3):1
(9, -9, 3):1
(-6, 5, -4):1
(-5, -4, 8):1
(-6, -1, 5):1
(-5, 0, -9):1
(3, 4, -10):1
(4, -10, 3):1
(-10, 3, 7):1
(3, 7, -13):1
(7, -13, 3):1
(-13, 3, -2):1
(3, -2, 13):1
(-2, 13, 0):1
(13, 0, -4):1
(1, 0, 14):1
(0, 14, 0):1
(14, 0, -4):1
(0, -12, 6):1
(8, 2, -4):1
(8, -10, 2):1
(-10, 2, -1):1
(-2, 11, -1):1
(6, 0, -12):1
(0, -12, -1):1
(-12, -1, 0):1
(-6, 0, 8):1
(-10, 10, -7):1
(10, -7, 0):1
(-7, 0, -3):1
(3, 2, 5):1
(-1, 6, -10):1
(-9, 4, 1):1
(4, -4, 9):1
(9, -4, -4):1
(-10, -5, 0):1
(0, 9, 4):1
(9, 4, 0):1
(-5, 0, 12):1
(0, 12, -5):1
(0, -8, -1):1
(6, 5, 0):1
(-4, -2, -5):1
(-2, -5, 4):1
(0, 11, -6):1
(11, -6, 0):1
(0, -3, -10):1
(-3, -10, 0):1
(-4, 7, 6):1
(-7, 5, -12):1
(5, -12, 0):1
(-12, 0, 0):1
(-1, -8, 6):1
(-8, 6, -6):1
(3, 1, -10):1
(1, -10, 0):1
(1, 0, -9):1
(0, -9, 1):1
(0, -12, 0):1
(0, 7, 4):1
(7, 4, -4):1
(0, -7, 13):1
(-7, 13, 0):1
(13, 0, 0):1
(1, 0, -12):1
(0, -12, 2):1
(-12, 2, 0):1
(2, 0, 8):1
(8, 0, 4):1
(-2, -4, -2):1
(1, 6, 3):1
(0, -7, 3):1
(-1, -4, -4):1
(1, 8, 1):1
(5, -4, -4):1
(-4, 4, 9):1
(4, 9, -4):1
(-8, 6, -2):1
(6, -2, 10):1
(0, -1, 13):1
(13, -5, 0):1
(-5, 0, -16):1
(0, -16, 0):1
(-16, 0, -1):1
(3, -4, -4):1
(1, -2, 13):1
(-2, 13, -9):1
(13, -9, 0):1
(-4, -2, 4):1
(-4, 3, -7):1
(-1, -2, -6):1
(5, -6, -4):1
(-4, 0, -7):1
(-9, 9, -12):1
(9, -12, 12):1
(-12, 12, -3):1
(12, -3, 3):1
(9, -9, -4):1
(-9, -4, 3):1
(9, -3, 0):1
(-1, -3, -5):1
(-3, -5, 1):1
(0, -5, -6):1
(4, 6, -9):1
(6, -9, 3):1
(-9, 3, -2):1
(-2, 7, -10):1
(7, -10, -5):1
(-10, -5, 12):1
(12, -5, -5):1
(-5, -5, 12):1
(-5, 4, -10):1
(4, -10, 4):1
(-10, 4, 0):1
(1, 5, -10):1
(-10, -1, 0):1
(0, 8, 3):1
(8, 3, 4):1
(10, -2, -2):1
(-2, 7, 3):1
(-2, 3, 7):1
(-6, -5, 8):1
(-2, 10, -1):1
(10, -1, -4):1
(-2, -4, 10):1
(10, -6, 3):1
(1, -5, -5):1
(-4, 7, -12):1
(-12, 7, 2):1
(-5, 7, 4):1
(7, 4, -6):1
(-7, 0, -2):1
(-7, -5, 7):1
(7, -12, 12):1
(-12, 12, -7):1
(-7, -2, 12):1
(-2, 12, -7):1
(-7, -2, -7):1
(-7, 5, 10):1
(5, 10, -5):1
(3, 0, -9):1
(2, -7, 10):1
(2, 5, -8):1
(-5, 10, -8):1
(10, -8, -2):1
(-8, -2, 0):1
(11, -1, 3):1
(4, 5, -11):1
(5, -11, 6):1
(-5, 3, 9):1
(3, 9, -5):1
(9, -5, -6):1
(4, -6, -4):1
(2, -1, -8):1
(6, -7, 0):1
(1, -6, 10):1
(-6, 10, -5):1
(1, -7, 8):1
(-6, -6, 0):1
(-3, -4, 6):1
(6, 1, -3):1
(7, -9, 2):1
(-9, 2, 3):1
(4, 3, 2):1
(2, -8, 6):1
(-5, 9, -7):1
(-3, 7, -4):1
(7, -4, -3):1
(11, -5, -5):1
(-5, 2, 8):1
(2, 8, 1):1
(8, 1, 4):1
(1, 4, -11):1
(4, -11, -1):1
(-11, -1, 2):1
(3, 4, -11):1
(4, -11, -2):1
(-11, -2, 3):1
(3, 4, 1):1
(-8, 2, 0):1
(-7, 1, 7):1
(8, -7, 1):1
(-7, 1, -5):1
(4, -6, -2):1
(4, 3, 1):1
(0, 5, -12):1
(5, -12, 1):1
(-12, 1, 11):1
(0, 5, -10):1
(5, -10, -12):1
(-10, -12, 22):1
(-12, 22, -1):1
(22, -1, -5):1
(7, -1, -2):1
(-2, -6, 0):1
(-5, 11, -6):1
(11, -6, -4):1
(3, 0, 9):1
(-3, -3, 10):1
(2, -4, -7):1
(-4, -7, 5):1
(-3, 8, 0):1
(8, 0, 1):1
(2, -5, -6):1
(1, 3, -10):1
(3, -10, -6):1
(-10, -6, 6):1
(1, 3, 6):1
(-1, -4, -6):1
(-8, 11, -9):1
(11, -9, 11):1
(-9, 11, -9):1
(11, -9, 5):1
(4, -2, -9):1
(-2, -9, 4):1
(0, 3, -10):1
(3, -10, -5):1
(-10, -5, 5):1
(2, -4, -3):1
(-1, 9, -7):1
(9, -7, 2):1
(0, 10, -3):1
(-4, -4, 2):1
(1, 8, -2):1
(8, -2, 0):1
(5, -9, 0):1
(-3, 9, 3):1
(9, 3, 0):1
(-6, 6, -8):1
(-8, 0, -2):1
(0, -2, 12):1
(-2, 12, 0):1
(12, 0, -4):1
(4, -5, 11):1
(11, -1, 1):1
(1, -9, -1):1
(-9, -1, -1):1
(-2, -7, 0):1
(2, 7, 5):1
(0, 1, -10):1
(1, -10, 11):1
(-10, 11, -5):1
(6, -4, 8):1
(0, -4, -13):1
(-4, -13, 17):1
(-13, 17, 0):1
(17, 0, -8):1
(0, -8, -2):1
(-4, 2, 5):1
(1, 8, 5):1
(8, 5, -5):1
(5, 5, -11):1
(5, -11, 5):1
(-11, 5, 1):1
(-4, -1, 16):1
(-1, 16, 0):1
(16, 0, 0):1
(6, -10, 3):1
(1, -6, -3):1
(6, -10, 10):1
(-1, 5, -10):1
(5, -10, 7):1
(-10, 7, -3):1
(-9, 9, -8):1
(9, -8, -1):1
(-9, 1, 2):1
(4, 0, 6):1
(6, -3, -6):1
(-9, 8, -4):1
(6, -3, 5):1
(5, -9, -1):1
(0, -4, 11):1
(-3, -2, -2):1
(2, -9, 0):1
(-3, 6, -9):1
(-1, 6, 4):1
(-6, 3, -4):1
(2, -6, 1):1
(5, -8, 8):1
(-8, 8, -5):1
(-5, 7, -8):1
(7, -8, 0):1
(9, -8, 0):1
(9, -8, 8):1
(2, 8, -8):1
(2, 7, -8):1
(1, 5, 2):1
(5, 2, -3):1
(6, -9, 4):1
(-4, 6, -8):1
(6, -8, 5):1
(5, -1, 7):1
(-2, 8, -2):1
(8, -2, -5):1
(-2, 6, 2):1
(6, -9, 7):1
(4, 5, -8):1
(7, 3, -5):1
(6, -8, 1):1
(4, 2, -7):1
(7, -9, 9):1
(4, -9, 9):1
(-8, 0, 7):1
(8, -7, 0):1
(1, 8, -4):1
(8, -4, 0):1
(-1, 0, 11):1
(0, 11, 6):1
(11, 6, 0):1
(1, 4, 6):1
(6, -7, -7):1
(-7, -7, 5):1
(1, -1, 16):1
(-1, 16, -11):1
(16, -11, -1):1
(-11, -1, -1):1
(5, 1, -3):1
(7, -7, 2):1
(-5, -3, -4):1
(-3, -4, 10):1
(10, 0, -8):1
(-5, -3, 9):1
(8, 1, -7):1
(3, 5, -1):1
(3, 1, 5):1
(9, -4, 5):1
(-3, 8, -3):1
(8, -3, -1):1
(5, -9, 8):1
(-9, 8, -1):1
(9, -1, -6):1
(3, 4, 4):1
(0, 8, -7):1
(8, -7, 8):1
(-8, 5, 5):1
(5, -4, -7):1
(-4, -7, 6):1
(-4, -4, 5):1
(-4, 5, -3):1
(1, -3, 8):1
(-2, 4, 5):1
(5, -1, -8):1
(-1, -8, -3):1
(-8, -3, 8):1
(-3, 8, 1):1
(8, 1, 6):1
(1, 6, -9):1
(-9, 5, -3):1
(-3, 5, -11):1
(5, -11, 8):1
(-3, 5, 3):1
(7, -3, 4):1
(-8, 5, -1):1
(1, -8, 7):1
(1, 0, -8):1
(1, -7, 3):1
(1, 1, -9):1
(1, -9, 7):1
(7, 0, 1):1
(6, 4, -1):1
(4, -1, -10):1
(-1, -10, 7):1
(-10, 7, -2):1
(-7, 6, 2):1
(-4, -4, -4):1
(-5, -4, 13):1
(-4, 13, -5):1
(13, -5, -4):1
(0, 9, -7):1
(9, -7, 6):1
(-7, 6, -3):1
(6, -3, -10):1
(-3, -10, 5):1
(-10, 5, 5):1
(-1, 8, -8):1
(1, 3, 7):1
(7, -10, 0):1
(-10, 0, 3):1
(-9, 8, -8):1
(8, -1, -10):1
(-1, -10, -1):1
(-10, -1, 8):1
(-2, -1, 8):1
(2, 7, 2):1
(0, -2, -8):1
(-2, -8, 0):1
(3, 4, 3):1
(5, -7, 3):1
(-7, 3, 5):1
(8, -7, 2):1
(-7, 2, 7):1
(7, -5, -7):1
(-5, -7, 4):1
(8, -1, 5):1
(4, 3, 8):1
(3, 8, -10):1
(-10, 8, -10):1
(-10, 8, -7):1
(-7, 6, -8):1
(-8, 8, -10):1
(-10, 8, 0):1
(8, 0, 5):1
(-6, 4, -6):1
(5, 2, 6):1
(2, 6, -10):1
(6, -10, 9):1
(9, -8, -2):1
(-8, -2, 8):1
(5, 2, -6):1
(8, -4, 5):1
(0, -7, 8):1
(-7, 8, -3):1
(8, -3, 1):1
(3, -8, 8):1
(8, -8, -4):1
(-8, -4, 0):1
(10, -2, 2):1
(-2, -7, 11):1
(-7, 11, -11):1
(-11, 11, -11):1
(11, -11, 6):1
(7, -3, -3):1
(3, -3, -7):1
(-3, -7, -3):1
(-7, -3, 3):1
(3, -3, 12):1
(-3, 12, -5):1
(12, -5, 1):1
(0, -8, 2):1
(4, 3, 3):1
(3, -9, 3):1
(10, -2, -1):1
(10, -2, -5):1
(-2, -5, -3):1
(6, -7, -2):1
(2, 8, -2):1
(8, -2, -6):1
(0, -9, -2):1
(-9, -2, 2):1
(9, 0, 4):1
(0, 4, -8):1
(4, -8, -1):1
(0, 8, -3):1
(4, 0, -8):1
(0, -8, 4):1
(2, 3, -9):1
(-1, 8, -6):1
(-5, -3, -2):1
(-3, 0, -6):1
(7, 0, -10):1
(0, -10, 5):1
(-10, 5, -1):1
(-1, 4, -8):1
(4, -8, 5):1
(-8, 5, 0):1
(0, 3, -9):1
(3, -9, 4):1
(4, -6, 10):1
(-6, 10, -10):1
(2, 4, -8):1
(-7, 4, -7):1
(-7, 4, 8):1
(4, 8, -9):1
(-9, 2, 5):1
(3, 5, 3):1
(5, 3, -3):1
(2, -2, -8):1
(-2, -8, -1):1
(-7, -1, 8):1
(-7, 2, -5):1
(3, 5, -8):1
(-7, -1, -3):1
(-3, 11, -9):1
(1, -6, 7):1
(7, 0, -11):1
(0, -11, -1):1
(-11, -1, 5):1
(3, -5, -7):1
(-5, -7, 3):1
(-4, 3, 11):1
(3, 11, -7):1
(11, -7, -4):1
(-7, -4, -1):1
(-2, 1, -8):1
(1, -8, 6):1
(6, -1, -9):1
(-1, -9, 3):1
(-9, 3, -4):1
(-2, 1, -9):1
(1, -9, 3):1
(-9, 3, 8):1
(-1, -7, -4):1
(-7, -4, 5):1
(-7, 3, 8):1
(-6, -1, -5):1
(-7, 8, -7):1
(5, -7, 10):1
(-7, 10, 3):1
(-3, 1, -5):1
(5, -8, -2):1
(-7, 7, -1):1
(7, -1, -6):1
(5, -9, 7):1
(-1, -3, -3):1
(3, -9, 7):1
(-7, 5, -4):1
(5, -7, -3):1
(-7, -3, 7):1
(-3, 7, 5):1
(7, -2, -2):1
(6, -10, 7):1
(-10, 7, 3):1
(-6, -4, 7):1
(0, -7, -1):1
(8, -8, 6):1
(-8, 6, 1):1
(-7, 6, -2):1
(3, -9, 10):1
(-9, 0, 10):1
(-4, -4, 6):1
(-5, 10, -6):1
(-10, 10, -3):1
(10, -3, 2):1
(2, -1, -9):1
(-1, -9, 2):1
(-5, -4, -4):1
(-4, -4, 10):1
(8, -5, -5):1
(-5, -1, -11):1
(-1, -11, 2):1
(-11, 2, 5):1
(-1, -2, 9):1
(-9, 1, 3):1
(7, -1, 4):1
(0, -4, -3):1
(-2, 4, -6):1
(8, -9, 6):1
(-6, 8, -7):1
(-7, 7, -6):1
(3, 0, 7):1
(-3, -5, 5):1
(4, -3, -4):1
(3, 1, -6):1
(-9, 8, 0):1
(2, -3, -5):1
(0, -10, 4):1
(-10, 4, 2):1
(4, 2, 2):1
(6, 1, 1):1

------------------------------------------------------------

