Corelli
(2, -1, -1):472
(-1, -1, -1):429
(-1, 0, -1):369
(0, -1, 0):291
(-1, 2, -1):284
(-1, -1, 0):265
(0, 2, -1):263
(-1, 1, -1):258
(1, 0, -1):236
(2, 0, -1):235
(-1, -1, 2):233
(-1, 0, 2):225
(-1, 3, -1):220
(1, -1, 1):207
(0, -1, -1):180
(2, -1, 0):175
(0, -1, 1):174
(-1, -1, 1):173
(3, -1, -1):165
(-1, 1, 0):164
(0, 1, 0):155
(0, 2, 0):151
(-2, 0, 2):144
(0, -2, 0):142
(-1, 2, 0):142
(-1, -1, 3):133
(0, 0, -1):118
(-1, 0, 0):116
(-1, 0, 1):100
(0, -1, 3):99
(0, -1, 2):96
(0, 0, 0):86
(6, -5, 0):83
(-1, 1, -2):80
(0, 3, -1):77
(6, -1, -1):75
(2, -1, 1):74
(-1, 1, 2):69
(-1, 1, 1):63
(0, 0, 2):63
(1, -1, -1):62
(1, -1, 2):59
(1, 2, -1):58
(2, -2, 0):57
(-3, 2, -1):57
(3, -1, 0):57
(2, -1, 2):57
(-5, 0, 1):56
(0, -1, -4):53
(-1, -1, 6):51
(1, 0, 2):51
(0, -5, 0):50
(-5, 6, -1):50
(-2, 2, -1):50
(-5, 0, -1):49
(3, -1, 3):48
(2, 0, 0):48
(5, 0, -5):47
(1, -2, 0):47
(-5, 0, 2):45
(-1, 0, 3):45
(1, -1, 0):45
(5, 0, -2):44
(0, 5, 0):43
(5, -5, 1):43
(-1, -4, 5):41
(3, -1, 2):41
(-1, 2, -2):41
(-1, 3, -2):40
(3, -1, -4):40
(-2, 0, -2):39
(2, 2, -1):39
(-1, 5, -5):39
(0, 1, -1):38
(2, -3, 2):37
(1, 0, 1):37
(3, -5, 0):37
(6, -4, -1):37
(3, -2, 0):36
(0, 2, 2):36
(-4, 2, -1):36
(1, 0, -5):36
(1, 1, 0):35
(0, 6, -5):35
(-1, 2, 2):35
(-2, 2, 0):35
(-5, 1, -1):35
(2, 3, -5):35
(-1, 6, -1):35
(-2, 0, -1):34
(-5, -1, 2):34
(1, -2, 2):34
(-2, 0, 5):34
(0, 2, -5):34
(-1, 6, -5):33
(-1, -4, 2):33
(-4, 5, 0):32
(-4, -1, 3):32
(-5, 1, 0):32
(-1, -1, -4):31
(1, 1, -1):31
(1, -1, 3):31
(2, -5, 6):31
(-5, 3, 2):30
(-1, 3, 2):30
(3, 2, -1):29
(2, -2, 2):29
(-1, 3, -4):28
(-1, -4, 6):28
(5, -2, -2):28
(-4, 2, 0):27
(2, -4, 2):26
(1, 2, -2):26
(2, 0, 1):26
(-2, 5, -2):25
(2, -1, -2):25
(2, 0, 2):24
(0, 2, -4):24
(2, 2, -3):24
(1, 0, -2):24
(-5, 0, 0):23
(-4, -1, 0):23
(5, -5, -1):22
(-1, -1, 5):22
(-5, 3, -1):22
(1, -2, 5):22
(4, 2, -1):22
(-1, 1, 5):22
(-4, 3, -1):22
(3, 2, 0):22
(-4, 6, -4):22
(6, -1, 0):22
(-5, 5, -5):22
(-1, -2, 0):21
(7, -5, 0):21
(-2, 1, -1):21
(5, -5, 5):21
(2, 0, -2):20
(-5, 4, 2):20
(-1, -4, 3):20
(-1, 0, -2):20
(2, -1, -5):20
(-5, 0, 3):20
(-2, 0, 0):19
(0, -1, 6):19
(-5, 1, 2):19
(-2, -2, 5):19
(-2, 2, -2):19
(-1, -5, 6):19
(-5, 2, -1):19
(1, 2, -3):19
(-1, -3, 2):19
(0, -5, 3):18
(0, 2, -2):18
(1, 5, -5):18
(2, 6, -5):18
(1, 0, 0):18
(0, -1, -2):18
(0, 1, 2):18
(-1, -2, 2):18
(3, -4, -1):17
(-5, 0, 4):17
(2, -5, 4):17
(2, -3, -1):17
(5, -2, 2):17
(-2, 0, 3):17
(0, 2, 3):16
(-5, 6, -5):16
(3, 2, -4):16
(-2, 0, 6):16
(4, -1, 2):16
(-1, 1, -5):16
(4, -5, 0):16
(0, 0, -2):16
(-4, 5, -2):16
(1, 1, 1):16
(-1, 2, -5):16
(-1, 5, 0):15
(2, -1, 3):15
(0, -1, 5):15
(3, -5, 3):15
(-1, 2, -3):15
(-5, 0, 6):15
(-3, -1, 2):15
(-2, -1, 0):15
(-2, 6, -5):15
(1, -1, 5):15
(-1, -1, -3):15
(0, 4, -5):15
(-1, 3, -5):14
(0, -1, 4):14
(-1, 2, 3):14
(-2, 5, -5):14
(-2, 3, -1):14
(1, 3, -1):14
(-1, 4, -1):14
(3, -1, -5):13
(-1, -5, 4):13
(-4, 6, -1):13
(6, -5, 1):13
(1, -1, -4):13
(5, -5, 0):13
(0, 1, -2):13
(-2, -2, 2):13
(4, -1, 1):13
(-1, -1, 4):12
(3, -1, 1):12
(0, 0, 1):12
(2, -2, -1):12
(-1, -1, -2):12
(2, 0, 3):12
(-1, 3, 1):12
(-1, -4, -1):12
(2, -2, 1):12
(-1, -2, -1):12
(-1, -4, 1):12
(0, -5, 1):12
(-5, 3, -2):11
(-1, 3, 0):11
(-5, 4, -1):11
(0, 2, 6):11
(2, 0, -4):11
(0, -4, 2):11
(1, 7, -5):11
(1, -5, 3):11
(0, 5, -5):11
(3, -5, 1):11
(2, -4, 1):11
(1, 3, -5):11
(1, -1, -2):11
(2, 1, -1):11
(-3, -1, 1):11
(1, 0, 3):11
(1, 2, 1):11
(-4, -1, 1):10
(2, -1, -4):10
(2, 0, -5):10
(0, -1, -5):10
(-2, 0, 1):10
(0, 1, 3):10
(-1, 1, 3):10
(0, -1, -3):10
(0, 3, -5):10
(5, -4, -1):10
(3, 1, -1):10
(-2, -1, 2):10
(-1, -5, 0):10
(0, -3, 2):10
(6, -5, 3):9
(-1, 0, 5):9
(0, 0, -5):9
(0, 4, -1):9
(-4, 0, 2):9
(3, -4, 6):9
(3, 0, -1):9
(-4, 3, 2):9
(3, 3, -1):9
(2, -1, 5):9
(5, -5, 2):9
(-5, 2, -2):9
(-1, -2, 1):9
(-1, 6, -4):9
(3, -2, -2):9
(6, -5, -1):9
(-4, -1, 6):9
(-3, 2, 0):9
(-2, 1, 2):9
(1, 2, 0):9
(2, -4, 0):8
(5, 0, -1):8
(-1, 4, -5):8
(-4, 2, 3):8
(3, -3, 2):8
(3, -5, 2):8
(-4, -1, 2):8
(0, 3, 2):8
(-1, 2, -4):8
(-1, -3, -1):8
(0, -2, 2):8
(-2, -2, -1):8
(2, 2, -5):8
(2, 1, -5):8
(2, 2, -4):7
(2, -4, -1):7
(2, 3, -4):7
(3, 1, 0):7
(-2, -1, 1):7
(-5, 4, 1):7
(4, 1, 0):7
(3, -5, -1):7
(0, 1, 7):7
(-1, -4, 0):7
(-5, 5, -2):7
(-5, 1, -2):7
(-1, -5, 3):7
(1, -2, 3):7
(2, -4, 3):7
(-4, 1, -1):7
(2, -2, -2):7
(-2, 3, -5):7
(-3, 1, -1):7
(0, 7, -5):7
(-1, 2, 1):7
(2, -5, 0):7
(4, -5, 2):7
(-2, -2, -2):7
(0, -5, 2):7
(2, 0, -3):7
(1, 5, 0):7
(0, -2, 3):7
(-4, 6, -5):6
(3, -4, 2):6
(0, -5, -1):6
(5, -5, 3):6
(8, -5, 1):6
(2, 3, -1):6
(1, -5, 5):6
(-4, 1, 2):6
(2, -2, 5):6
(2, -5, 3):6
(0, -4, -1):6
(-2, 5, 0):6
(-4, 1, 0):6
(-2, 5, 5):6
(2, 0, 4):6
(1, -5, 1):6
(6, -5, 6):6
(5, 5, -5):6
(-1, 0, 6):5
(-1, 4, -4):5
(2, -3, 1):5
(3, 0, 2):5
(1, -5, 4):5
(3, -4, 3):5
(0, -5, 4):5
(-5, 0, 5):5
(-1, 3, 3):5
(-1, 7, -5):5
(-1, -2, 6):5
(5, 0, -4):5
(-1, 8, -5):5
(1, -1, 4):5
(0, -2, 6):5
(0, -5, 6):5
(1, -2, 1):5
(1, -2, 6):5
(-2, -2, 0):5
(0, 3, 0):5
(-1, 0, 4):5
(2, -2, 3):5
(-1, 5, -4):5
(-2, -2, 1):5
(-3, 2, 2):5
(2, 2, -2):5
(1, 2, 3):5
(-1, 3, -3):5
(-1, -1, -5):5
(3, 2, -5):5
(-1, -3, 1):5
(5, -2, 0):4
(-1, 2, 4):4
(4, -5, 1):4
(-1, -2, -2):4
(1, 1, -5):4
(-1, 5, -1):4
(-4, 0, -1):4
(0, 6, -4):4
(-5, 0, -2):4
(-1, -1, 8):4
(3, -2, 3):4
(0, 2, 1):4
(0, 0, 3):4
(-4, 1, -2):4
(2, -5, 5):4
(-5, 2, 2):4
(-1, 5, -2):4
(-5, 4, -5):4
(4, -5, 3):4
(6, 0, -1):4
(3, -2, 1):4
(-5, 5, -1):4
(5, -5, 6):4
(1, -4, 1):4
(-4, 1, 3):4
(3, -1, -2):4
(1, -1, -3):4
(0, -5, 5):4
(-3, 0, -1):4
(0, -4, 6):4
(-3, 2, -2):4
(1, -5, 0):4
(-1, 2, 6):4
(-5, 2, 6):4
(2, 6, -4):4
(-1, 4, 2):4
(2, 1, 0):4
(-5, 0, 7):4
(-4, 2, -2):3
(-5, 3, 1):3
(0, 2, -3):3
(-3, 1, -2):3
(2, 4, -5):3
(0, 3, -4):3
(6, -1, -2):3
(-4, -1, 4):3
(-1, 4, -3):3
(-1, 1, 7):3
(-5, -1, -1):3
(-2, 4, -5):3
(-5, -4, 5):3
(3, -1, 5):3
(-2, 2, -4):3
(5, -5, -2):3
(-4, 2, 2):3
(3, -4, 1):3
(-4, 1, 1):3
(-5, 1, 1):3
(-4, 3, 3):3
(-2, -1, 3):3
(3, -2, 2):3
(-5, -1, 0):3
(-2, 6, -1):3
(-3, -1, 3):3
(-1, 0, -5):3
(0, 4, 2):3
(1, 1, -2):3
(-1, 0, -4):3
(1, 0, -4):3
(0, 0, 5):3
(1, 0, 5):3
(0, 3, -2):3
(2, -5, 2):3
(-5, 5, 0):3
(-2, -1, 5):3
(-5, 3, 3):3
(-1, 6, 0):3
(4, 2, -2):3
(0, -2, -1):3
(-2, 1, 0):3
(1, 0, 7):3
(-2, 2, -5):3
(6, -2, 1):3
(2, 2, 2):3
(5, -4, 5):3
(0, -2, -2):3
(0, 5, -4):3
(2, -3, 0):3
(0, 1, -5):3
(-2, -3, 1):3
(1, -2, 4):3
(0, 3, -3):3
(5, -1, -1):3
(4, 2, 0):3
(-4, -1, -1):3
(3, -3, -1):3
(3, 0, -2):3
(-5, 0, -4):3
(2, -1, -3):3
(4, -1, -1):3
(-1, 1, -4):3
(1, 3, 1):3
(0, -4, 3):3
(0, -1, 7):3
(1, -5, 2):3
(2, -5, 1):3
(-3, 1, 5):3
(4, -4, -1):3
(0, 1, 1):3
(-5, -1, 1):2
(4, -4, 2):2
(3, -5, 6):2
(-4, 0, 1):2
(3, 1, -2):2
(4, -3, 2):2
(0, 8, -5):2
(1, 2, -4):2
(3, 2, 3):2
(4, -1, 0):2
(3, 0, 1):2
(5, -1, 0):2
(-4, 0, 6):2
(-5, -2, 0):2
(-5, 3, 5):2
(6, -4, 3):2
(6, -4, 0):2
(3, 3, -5):2
(-2, 2, 3):2
(6, -5, 2):2
(-4, -1, -4):2
(-5, -1, 6):2
(0, -5, -4):2
(6, -5, -2):2
(-2, -2, 6):2
(-4, 2, 6):2
(2, 0, 6):2
(0, -4, 5):2
(5, -2, 3):2
(0, -1, 8):2
(5, 0, 2):2
(-4, -1, 5):2
(0, 0, -3):2
(5, -3, 2):2
(4, -5, 4):2
(1, 4, -5):2
(-4, 4, 1):2
(-5, 4, 0):2
(5, -1, 1):2
(-2, 2, 1):2
(-2, 1, 1):2
(7, -5, 1):2
(6, -1, -4):2
(-1, 6, -2):2
(2, 0, 5):2
(0, 2, -7):2
(2, -7, 6):2
(-7, 6, 0):2
(1, 1, 3):2
(5, -4, 2):2
(-4, 2, -4):2
(4, 1, -2):2
(1, -2, -3):2
(-2, 4, 1):2
(-1, -2, 5):2
(-4, 0, 5):2
(-2, 3, 0):2
(-2, 3, -2):2
(-1, 2, 5):2
(4, -1, -5):2
(3, -2, -1):2
(2, -1, 4):2
(-1, -5, 11):2
(-5, 11, -5):2
(11, -5, 0):2
(-5, 2, 0):2
(6, -1, -5):2
(4, -1, -4):2
(2, 2, 0):2
(0, 6, -1):2
(-1, 1, 6):2
(1, 6, -5):2
(0, 1, -4):2
(-4, 5, -5):2
(4, -5, 6):2
(-5, -1, 3):2
(6, 0, -5):2
(-2, 4, -1):2
(-1, 1, -3):2
(-3, 2, -5):2
(-1, -3, 5):2
(-3, 5, -4):2
(-1, 3, 4):2
(3, 4, -5):2
(-2, -1, -1):2
(1, 5, -3):2
(5, -3, 1):2
(-5, 2, -5):2
(1, 2, 2):2
(1, -4, -1):2
(1, 1, 2):2
(-3, 1, 1):2
(0, -2, 5):2
(3, -1, -3):2
(5, 1, -5):2
(2, -4, 6):1
(-5, 3, -6):1
(3, -6, 4):1
(-6, 4, -3):1
(-1, 0, 8):1
(-5, 1, -5):1
(1, -5, 6):1
(2, -2, 4):1
(1, -5, 9):1
(-5, 9, -5):1
(9, -5, -4):1
(-4, 3, -3):1
(3, 5, -5):1
(1, -2, -1):1
(-3, -1, -1):1
(-5, 3, 7):1
(3, 7, -5):1
(-1, -1, 7):1
(-1, 8, 0):1
(8, 0, -5):1
(3, 5, 0):1
(-4, 3, -5):1
(-5, -2, 6):1
(8, -5, -1):1
(-1, 6, 2):1
(6, 2, 0):1
(0, 0, 8):1
(8, -5, -4):1
(4, -3, -1):1
(-2, 1, -2):1
(2, -4, 5):1
(-3, -1, 6):1
(-1, 3, 5):1
(3, 5, -4):1
(3, 0, -5):1
(0, -4, 0):1
(0, 4, -2):1
(4, -2, 0):1
(0, -3, 5):1
(-3, 5, -3):1
(-1, 4, -2):1
(4, -2, 4):1
(4, -5, -1):1
(0, 1, 4):1
(4, 0, 1):1
(0, 5, -3):1
(-4, 3, -2):1
(-5, 1, 7):1
(-4, 5, 3):1
(5, 3, -5):1
(1, 1, 4):1
(-5, 0, -3):1
(1, 3, -2):1
(-1, -2, 4):1
(-2, 4, 2):1
(-1, 5, -6):1
(5, -6, 4):1
(-6, 4, -1):1
(-2, 0, -5):1
(5, -1, -5):1
(3, -5, 5):1
(5, 5, 0):1
(0, -5, -2):1
(-5, -2, -2):1
(5, -2, 4):1
(-2, 1, 3):1
(4, -3, 0):1
(-3, 0, 5):1
(-5, -4, 6):1
(-2, -2, 3):1
(1, 5, -4):1
(-1, -3, 0):1
(4, 1, 5):1
(3, -3, 1):1
(-3, 1, 0):1
(-2, 3, -6):1
(3, -6, 5):1
(-6, 5, -1):1
(-5, 3, 0):1
(-5, 3, -4):1
(3, 2, -3):1
(2, -2, 6):1
(-2, 6, -4):1
(1, -1, 6):1
(-3, 2, 3):1
(2, 3, -3):1
(-3, 2, -4):1
(2, -4, 4):1
(-4, 4, -2):1
(4, -2, -1):1
(-2, 6, -6):1
(6, -6, 1):1
(-6, 1, 1):1
(3, -4, -2):1
(-4, -2, 0):1
(-2, 0, -4):1
(-4, 6, 3):1
(6, 3, -4):1
(5, 0, 0):1
(5, -2, 6):1
(-1, 4, 0):1
(4, 0, -1):1
(-1, -5, 2):1
(-4, 6, -2):1
(6, -2, -3):1
(-2, -3, 2):1
(-3, 2, 6):1
(2, 5, -5):1
(2, 4, -1):1
(8, -5, 5):1
(-5, -2, -1):1
(0, 0, -4):1
(1, 7, 0):1
(7, 0, -5):1
(-5, 1, 5):1
(-5, -2, 2):1
(5, 0, -3):1
(4, 1, -1):1
(-4, 3, 0):1
(2, -4, 8):1
(-4, 8, -5):1
(1, -4, 5):1
(3, 2, -2):1
(-5, 5, 5):1
(1, -2, -2):1
(5, -5, 4):1
(-4, -1, 7):1
(-5, 6, -2):1
(-5, 6, -4):1
(0, -2, 4):1
(-5, 6, 0):1
(0, 6, 1):1
(6, 1, -5):1
(-4, 3, -4):1
(-4, 3, 1):1
(1, -3, 2):1
(-5, 3, -3):1
(-4, -1, -3):1
(2, 5, -4):1
(-2, 3, -3):1
(1, 0, -3):1
(0, -3, -1):1
(3, -4, 0):1
(-5, 1, 3):1
(-1, -3, 6):1
(-3, 6, -1):1
(-2, 1, 5):1
(2, -2, -3):1
(-2, 0, -3):1
(1, -3, 6):1
(-3, 6, -5):1
(0, 1, -3):1
(1, -3, -1):1
(1, -4, 3):1
(-1, -5, 5):1
(2, 1, -6):1
(1, -6, 6):1
(-6, 6, -5):1
(1, 1, 7):1
(-1, 5, 1):1
(-1, -2, 3):1
(4, 0, -2):1
(4, -1, -3):1
(-5, 5, -4):1
(0, 0, 6):1
(-4, 5, -1):1
(0, -3, 0):1
(-3, 0, 0):1
(4, -5, 5):1
(-5, 5, -6):1
(5, -6, 2):1
(-6, 2, 0):1
(-5, 6, 2):1
(6, 2, -5):1
(-5, 0, -5):1
(5, -1, 2):1
(-4, 5, 1):1
(0, 5, -2):1
(6, -5, 4):1

------------------------------------------------------------
