Beethoven
(-1, 1, -1):2472
(0, 0, 0):2347
(1, -1, 1):1716
(0, -1, 0):1575
(0, -1, 1):1240
(0, 0, -1):1231
(-1, 0, -1):1040
(1, 0, -1):969
(-1, 0, 0):951
(-1, 1, 0):905
(-1, 0, 1):818
(1, -1, 0):730
(0, 1, 0):622
(0, 1, -1):610
(1, 0, 0):530
(-1, 2, -1):505
(-1, -1, 0):480
(-1, -1, -1):444
(0, -1, -1):439
(-5, 5, -5):419
(-1, -1, 1):414
(2, 0, -1):382
(2, -1, 0):373
(0, 0, 1):372
(-1, 3, -1):363
(1, -1, -1):348
(-5, 0, -1):326
(5, -5, 5):314
(0, -1, 2):287
(-1, 5, -5):281
(2, -1, -1):275
(-1, 2, 0):267
(-1, -1, 2):266
(-5, 0, 0):266
(-1, 0, 2):259
(1, -1, 2):235
(5, -5, 0):215
(-5, 1, -1):213
(3, -1, 0):210
(3, -1, -1):209
(0, 2, 0):208
(-1, 1, 2):208
(0, -1, 3):207
(6, -5, 0):191
(-1, 6, -5):190
(-1, 0, 3):166
(-1, -1, 3):164
(2, 0, 0):162
(0, 2, -1):154
(5, -5, -1):150
(0, -1, 5):147
(2, -1, 1):146
(0, 5, -5):146
(1, 1, -1):141
(-1, 1, 1):136
(-4, -1, 0):135
(1, -1, 3):134
(-5, -1, 1):132
(4, -5, 0):131
(5, -5, 1):130
(-1, 4, -1):129
(0, 0, 2):127
(2, -2, 2):117
(2, -2, -1):116
(1, -1, 5):112
(-2, -1, 1):110
(-1, 7, -5):109
(0, -5, 0):104
(0, -1, 6):104
(2, -2, 0):100
(-1, 1, 5):98
(-2, 0, -1):98
(-5, -1, 0):97
(0, 4, -5):96
(0, 0, 3):95
(-1, 0, 4):95
(2, 2, -5):95
(-5, 0, 1):95
(-1, 0, 6):94
(0, -1, 4):94
(0, 3, -1):92
(1, 2, -2):92
(-4, -1, 1):91
(-1, 0, 5):90
(0, 6, -5):90
(1, -1, 4):90
(-1, 2, -2):90
(-5, -1, -1):89
(7, -5, 0):88
(5, -4, -1):88
(1, 5, -5):87
(5, -5, 2):87
(0, 2, -2):87
(5, -2, -2):86
(1, 2, -1):84
(7, -5, -1):83
(-2, 2, -1):81
(6, -5, -1):80
(-2, 2, -2):78
(-5, 2, -1):77
(1, -1, 6):75
(-1, -3, -1):73
(0, 0, 5):73
(-4, 0, -1):71
(-2, 0, 0):70
(0, 7, -5):69
(-1, 3, -2):69
(2, 4, -5):68
(3, -5, 0):67
(3, 0, -1):67
(5, 0, -5):66
(6, -4, -1):66
(1, 4, -5):65
(0, 0, -5):65
(-2, -2, 5):65
(-4, 0, 0):65
(-2, 1, -1):64
(-2, 5, -2):64
(0, -1, -4):63
(4, -5, 1):63
(-1, 1, -2):63
(-1, 3, 0):62
(0, -2, 0):62
(-1, -1, 6):61
(0, 3, 0):61
(0, -4, 0):61
(0, 0, 4):60
(-4, 4, -4):60
(4, -4, -1):60
(0, 5, 0):59
(-1, 0, -4):59
(-5, 0, 5):59
(-5, 1, 0):59
(0, 0, -4):59
(2, -1, 2):59
(-1, 4, -5):58
(6, -1, -1):58
(-2, 2, 0):57
(4, -4, 4):57
(-5, 6, -5):56
(1, 0, 2):56
(4, -5, -1):55
(-5, -1, 2):54
(-5, 0, 2):54
(0, -1, 7):53
(0, -5, 5):52
(1, 0, 1):52
(0, -4, -1):52
(-1, 0, 7):51
(-5, 5, 0):51
(-1, 6, -1):51
(-1, 1, 4):51
(3, -4, -1):51
(-5, 2, -2):50
(-1, 3, -4):50
(-3, -1, 1):50
(4, -1, 1):49
(-2, -1, 0):49
(4, -1, -1):48
(2, -1, 3):47
(4, -5, 5):47
(3, -1, 1):47
(-1, 4, 0):47
(1, 1, 0):47
(0, 3, -5):46
(0, 1, 1):46
(10, -5, 0):46
(-1, 0, -2):46
(6, -5, 5):46
(2, 0, -2):46
(3, -2, 0):45
(0, 4, -1):45
(0, -2, 2):45
(3, 0, 0):45
(0, 4, -4):45
(-4, -1, -1):45
(-5, 2, 0):44
(1, -5, 0):44
(1, 2, 0):44
(-5, 4, -5):43
(6, -5, 1):43
(0, 1, 2):43
(2, 3, -5):43
(-1, 5, -4):43
(6, 0, -1):43
(1, -1, -4):42
(-5, 7, -5):42
(0, 3, -4):42
(0, 0, -2):42
(2, -5, 2):41
(-5, 2, 2):41
(-4, -1, 5):41
(-2, 5, -5):41
(5, 0, 0):40
(3, -2, -1):40
(0, -4, 4):39
(-1, -4, -1):39
(-4, 3, -1):38
(-1, -1, 5):38
(-1, 2, 4):38
(0, -1, -3):38
(0, -1, -2):38
(0, 0, 6):38
(5, 0, -1):37
(4, 0, -1):37
(3, -5, 1):36
(0, 5, -4):36
(1, -1, -2):35
(-1, -2, -1):35
(4, 0, 0):35
(-5, 6, -1):35
(-1, 1, -5):35
(6, 0, -5):34
(-1, 5, 0):34
(-5, 0, 4):34
(4, -1, -3):34
(-5, 3, -1):34
(4, -4, 0):34
(-4, -1, 3):34
(2, -2, 1):34
(-2, 6, -5):34
(-3, 0, 0):33
(0, 6, -4):33
(0, 3, -3):33
(0, 6, 0):32
(-1, -1, 7):32
(-1, -4, 6):32
(0, 4, 0):32
(-1, -2, 0):32
(1, -2, 2):32
(-3, -1, 4):31
(0, 0, 7):31
(1, 0, 4):31
(-1, 8, -5):31
(-5, 3, -5):31
(-1, -1, -4):30
(3, -4, 3):30
(-1, 1, 3):30
(3, -1, 3):30
(-1, -1, 4):30
(0, -5, -1):29
(-1, -4, 3):29
(-1, 5, -1):29
(-1, 6, -4):29
(-3, 0, -1):29
(1, -1, 7):29
(0, -2, -1):29
(-5, -1, 6):29
(0, 2, 2):29
(-1, 6, 0):29
(-4, 1, -1):28
(5, -5, 4):28
(3, 1, -1):28
(4, -1, 0):28
(-4, 2, -1):28
(1, -2, 5):28
(-2, -1, 2):28
(-5, 0, 3):28
(2, -5, 5):27
(-1, -2, 2):27
(1, 2, 1):27
(-1, -5, 6):27
(5, -5, 6):27
(2, -1, 4):27
(5, -1, -5):26
(2, -5, 0):26
(-1, 3, 2):26
(-4, 6, -1):26
(-1, 1, 6):26
(-1, 3, -5):26
(3, -4, 0):26
(-1, 10, -5):26
(4, 0, -5):26
(2, 1, -1):26
(0, -3, 0):26
(-5, 1, 2):26
(-5, 0, 6):26
(-1, 0, -5):25
(-3, -1, 0):25
(0, 1, 4):25
(-5, 5, -1):25
(1, -1, -3):25
(4, -5, 2):25
(-2, 0, 5):25
(-3, 2, -1):25
(2, -5, 1):25
(-3, 2, 0):24
(-4, 4, 0):24
(4, 0, -4):24
(3, 2, 0):24
(-2, -1, -1):24
(7, -5, 5):24
(5, -5, 3):24
(7, -4, -1):24
(5, -4, 0):24
(-4, 4, -5):24
(-1, 3, -3):24
(-1, 4, -4):24
(-2, 0, 1):24
(-4, -1, 2):23
(2, -1, 5):23
(3, 3, -4):23
(-5, 10, -5):23
(-1, -5, 0):23
(6, -1, 0):23
(0, 3, -2):23
(0, -3, -1):23
(-2, 1, 0):23
(-5, 5, -4):23
(0, -4, 5):22
(-2, 0, 2):22
(3, 4, -5):22
(0, -5, 1):22
(-1, 0, -3):22
(1, 3, -5):22
(1, 2, -3):22
(1, 2, 2):22
(-4, 4, 6):21
(-1, 3, 1):21
(5, 1, -5):21
(-1, 3, 3):21
(-5, 5, -2):21
(3, -4, 2):21
(3, -1, -4):21
(-5, -1, 5):21
(1, -5, 2):21
(3, -5, 2):21
(-5, -1, 3):21
(1, -2, 1):21
(-4, -1, 6):21
(2, -2, 5):20
(0, 1, -5):20
(3, -5, 5):20
(3, -3, 0):20
(3, -3, -1):20
(0, 3, 1):20
(-2, -1, 3):20
(-1, -4, 4):20
(2, 0, 1):20
(-2, -2, 1):20
(5, -1, 1):20
(6, 0, 0):20
(-4, 5, 0):19
(1, -5, 5):19
(5, 5, -5):19
(-5, 4, -1):19
(-1, 2, 1):19
(2, 0, -5):19
(0, -2, 1):19
(0, -1, -5):19
(-1, -4, 1):18
(-2, 7, -5):18
(-4, 10, -5):18
(1, 6, -5):18
(-1, 7, -6):18
(3, -5, -1):18
(-2, 1, 2):18
(-2, 0, -2):18
(-5, 6, 0):18
(8, -5, 1):18
(-3, 1, -1):18
(-2, -1, 5):18
(-5, 1, -2):18
(4, 6, -5):17
(5, -1, 0):17
(3, -1, 2):17
(-4, 1, 0):17
(0, 1, 3):17
(0, 7, -4):17
(-4, 5, -1):17
(8, -5, -1):17
(3, -5, 3):17
(1, 4, -4):17
(4, -5, 6):17
(1, -1, 8):17
(0, 2, 3):17
(3, -1, -2):17
(6, -5, 2):17
(-5, 3, -2):17
(-1, -4, 10):17
(2, 1, -5):17
(2, 0, 3):17
(2, -5, 3):17
(-4, 2, 0):17
(-1, 2, 2):17
(2, -2, -2):17
(-1, -4, 5):17
(5, 0, -4):17
(-1, -3, 2):16
(3, 3, -5):16
(0, 6, -6):16
(10, -5, -1):16
(-1, -3, 0):16
(-5, 0, -4):16
(0, 1, -2):16
(6, -4, 0):16
(0, 0, -3):16
(0, 10, -5):16
(-1, -2, 1):16
(-2, 1, 1):16
(-1, 2, 3):16
(-1, -4, 2):16
(-4, 6, 0):16
(1, 0, 3):16
(-5, 1, -5):16
(2, -1, -4):16
(-1, 2, -5):16
(2, 0, 2):16
(2, 2, -2):16
(0, -2, 6):16
(-5, 2, 4):15
(0, -5, 2):15
(3, 2, -1):15
(6, -1, -5):15
(4, -5, 4):15
(-5, 0, 7):15
(1, -2, 0):15
(-5, 8, -5):15
(1, 1, 1):15
(6, -5, 3):15
(0, 2, 4):15
(1, 5, -4):15
(-5, 0, -2):15
(5, 0, -2):15
(0, -5, 6):15
(0, -1, 8):15
(-5, 1, 4):15
(2, -3, 1):15
(-2, -2, -2):15
(6, -1, 1):15
(6, -6, 6):15
(1, -5, -1):15
(-6, 2, -1):15
(1, 5, 0):14
(0, -5, 3):14
(7, -5, -2):14
(0, -4, 6):14
(-5, -2, 2):14
(1, 0, 6):14
(6, -5, 4):14
(7, -5, 1):14
(-1, 1, 7):14
(1, 7, -5):14
(0, 3, 3):14
(-4, 3, 3):14
(-1, 2, -3):14
(-5, 2, -5):14
(-1, 5, -2):14
(3, -2, 1):14
(-3, -1, 3):14
(0, -4, 3):14
(1, -5, 1):14
(2, -3, 2):14
(-2, 2, 3):14
(-5, 5, 1):14
(4, 1, -5):14
(2, 2, 2):14
(2, -1, -5):13
(3, 0, -4):13
(-4, 0, 1):13
(-5, 5, 5):13
(-3, -1, 2):13
(0, 2, 1):13
(2, 1, 0):13
(2, 5, -5):13
(-1, -1, 10):13
(-5, 3, 2):13
(-1, 4, -3):13
(5, -5, -2):13
(-6, 6, -5):13
(-4, 0, 3):13
(10, -4, 0):13
(-2, -2, -1):13
(-4, 3, 2):12
(6, -6, -1):12
(-5, -5, 5):12
(2, 0, 4):12
(3, 0, -5):12
(4, -1, 2):12
(1, 2, 3):12
(2, -3, 0):12
(-5, 0, -3):12
(-1, -5, 1):12
(6, -6, 2):12
(1, 1, -2):12
(1, -1, -5):12
(2, -4, -1):12
(-5, 4, -4):12
(5, -5, -5):12
(7, -5, 3):12
(4, -5, 3):12
(0, 2, -3):12
(-5, 3, -4):12
(5, -1, -1):11
(-1, -5, 2):11
(1, 3, 0):11
(-1, -4, 0):11
(0, -4, 1):11
(5, -5, -4):11
(-2, 5, 0):11
(1, -4, -1):11
(-1, 7, -4):11
(-4, 0, 2):11
(1, 0, -5):11
(4, 6, -6):11
(6, 0, -4):11
(7, 0, -5):11
(1, -5, 4):11
(1, -5, 6):11
(-2, 2, 2):11
(3, 2, -5):11
(-6, 0, 0):11
(-1, -5, 5):11
(-2, -2, 2):11
(-5, 3, 1):10
(1, 1, 3):10
(-1, 3, 4):10
(0, 8, -5):10
(8, -5, 0):10
(-1, 0, 8):10
(6, -5, -5):10
(0, -5, 4):10
(0, -3, 2):10
(2, 3, -1):10
(-1, 9, -9):10
(9, -9, 2):10
(-5, -1, 4):10
(2, -1, 6):10
(-1, 0, 10):10
(-4, 3, 0):10
(3, -3, 2):10
(2, -4, 2):10
(-7, -1, 0):10
(-1, -3, 1):10
(-4, 3, -4):10
(0, 6, -1):10
(2, -3, -1):10
(-5, 1, 1):10
(0, 3, 2):10
(1, -2, -1):10
(2, 0, -4):9
(4, 2, -1):9
(0, 2, -4):9
(-5, -2, -1):9
(1, 0, 7):9
(6, -1, -4):9
(5, -5, 7):9
(-1, 1, -4):9
(-7, -1, 1):9
(-2, 3, -1):9
(10, -5, 5):9
(0, -1, 10):9
(-1, 4, -2):9
(0, 9, -9):9
(-6, -1, 0):9
(1, 2, -4):9
(3, -2, 2):9
(-5, 5, -3):9
(-5, 0, -5):9
(-5, 1, 5):9
(4, -9, 4):9
(4, -1, 4):9
(2, -2, 6):9
(-4, 0, 4):9
(-3, -1, -1):9
(7, -5, 4):9
(1, 4, 0):9
(0, 5, -2):9
(-3, 3, -1):9
(-4, 10, -4):9
(-5, 5, -6):9
(0, 0, 10):9
(7, -6, -1):9
(-2, 0, 3):9
(-9, 5, -1):9
(6, -6, -4):9
(0, 1, 6):8
(-5, -3, 2):8
(-3, 2, -2):8
(-6, -1, 1):8
(-5, -2, 7):8
(11, -5, 0):8
(-2, 2, -5):8
(-5, 9, -5):8
(-3, 0, 1):8
(1, 3, -1):8
(4, -1, -2):8
(4, -1, 3):8
(-4, -1, 4):8
(-2, 3, -5):8
(0, -2, 3):8
(-3, 0, 3):8
(0, 7, -6):8
(10, -4, -1):8
(2, -5, 4):8
(9, -9, -1):8
(0, -1, 9):8
(0, 5, -1):8
(-2, 2, 4):8
(5, -1, -2):8
(3, -4, 1):8
(9, -4, -1):8
(-3, 1, 0):8
(2, -2, 3):8
(-4, -1, -4):8
(1, 3, -4):8
(0, -4, 2):8
(-4, 2, -2):8
(3, -1, -3):8
(1, -5, 3):8
(6, -1, 2):8
(5, -3, -1):8
(-1, 4, 2):8
(3, -5, 7):8
(-3, 5, -4):8
(-1, -5, 3):8
(-1, 1, -3):8
(1, 0, -4):8
(2, -1, -3):8
(5, -2, 2):8
(-6, 6, -6):8
(-3, 3, -3):8
(-5, -2, 1):8
(-5, 4, 1):8
(1, 0, 5):8
(3, -3, 3):8
(-1, 2, 5):8
(-1, 6, -6):8
(4, -5, -3):8
(5, -2, 5):8
(10, -5, 3):8
(2, 0, -3):8
(1, -2, 6):8
(5, -9, 5):8
(-1, -1, 9):7
(-1, -2, 6):7
(-4, 7, -5):7
(-1, -1, -5):7
(4, -3, 0):7
(3, -1, 7):7
(1, 0, -2):7
(4, -2, -1):7
(-5, 1, 3):7
(-2, -2, 0):7
(-1, -1, -2):7
(7, -5, 2):7
(0, 1, -4):7
(-9, 2, -1):7
(6, 1, -5):7
(1, 6, -6):7
(-9, 0, 0):7
(-4, 5, -5):7
(-5, -1, 7):7
(-3, 6, -5):7
(4, 3, -5):7
(1, -1, 10):7
(-6, 1, -1):7
(2, 4, 0):7
(0, -5, 7):7
(3, -3, 1):7
(3, -4, 6):7
(-5, 6, -4):7
(0, 4, 1):7
(-5, 4, -9):7
(-5, 3, 0):7
(-1, 5, -6):7
(-1, -1, -3):7
(5, -4, 4):7
(0, 7, 0):7
(-3, 5, -5):7
(4, -3, -1):7
(3, -7, -1):7
(-6, 2, 0):7
(-1, -3, 3):7
(3, 3, 0):7
(0, -2, 5):7
(1, 3, -2):7
(3, 1, 1):7
(-4, 0, 5):7
(2, 7, -5):7
(4, -5, 7):7
(-2, 1, -2):7
(3, 1, -5):7
(-4, -1, 10):7
(3, -5, 4):7
(-2, 4, -5):7
(0, 6, -3):7
(2, -3, 5):7
(1, 6, 0):6
(-1, -4, 9):6
(-5, 11, -5):6
(9, -5, 2):6
(0, -2, -2):6
(3, 1, 0):6
(-4, -1, 7):6
(-1, 7, 0):6
(0, 4, 3):6
(-4, 0, 10):6
(7, -6, -4):6
(0, 10, -4):6
(-1, 1, 9):6
(1, 9, -9):6
(-1, 0, 9):6
(-5, -4, 2):6
(10, -5, -2):6
(-5, -1, -2):6
(0, 1, 5):6
(2, 1, -2):6
(7, -5, 7):6
(3, -5, 10):6
(-3, 1, 2):6
(-3, 0, 2):6
(-4, 4, 1):6
(4, 1, -1):6
(5, -2, -1):6
(-4, 4, -1):6
(5, -1, 5):6
(1, 0, -3):6
(-5, 1, 6):6
(-2, 1, 5):6
(7, -6, 0):6
(-1, 2, -4):6
(-9, 9, -9):6
(9, -9, 9):6
(-5, -3, -1):6
(5, -1, -3):6
(-3, -1, 5):6
(-5, -2, 5):6
(2, -1, -2):6
(4, -1, -4):6
(0, 3, -7):6
(-5, 4, -6):6
(-6, 6, 0):6
(0, -3, 3):6
(-5, -4, 0):6
(3, 0, -2):6
(5, 1, -1):6
(-1, 5, 1):6
(2, -2, 4):6
(-5, 4, 0):6
(-5, -4, 3):6
(2, 3, -4):6
(-1, 4, 1):6
(6, -4, 3):6
(0, -2, 4):6
(5, -1, -4):6
(5, 4, -5):6
(3, -4, 4):6
(2, 2, -3):6
(2, -1, 7):6
(-6, -4, 4):6
(-9, 4, 6):6
(-7, 7, -7):6
(-2, 0, -4):6
(-5, 3, 3):5
(3, 3, 3):5
(3, 0, 1):5
(0, -4, 10):5
(-5, -4, 5):5
(3, 1, -2):5
(1, -2, 7):5
(-2, -5, 0):5
(7, -1, -1):5
(3, 3, -1):5
(1, -1, 9):5
(-1, 9, -5):5
(9, -5, 0):5
(1, 3, -3):5
(-5, -3, 0):5
(2, -2, 7):5
(-4, 6, -5):5
(-2, 6, -4):5
(0, 1, 7):5
(2, 6, -5):5
(3, -3, 6):5
(0, 3, -6):5
(-2, 5, -1):5
(-1, -2, 5):5
(5, -6, 1):5
(2, -4, 0):5
(3, -2, 5):5
(2, -5, 6):5
(1, -4, 3):5
(4, 1, 0):5
(-7, 0, -1):5
(-1, -1, 8):5
(1, 7, 0):5
(-2, 5, 1):5
(-2, 8, -5):5
(2, -5, -2):5
(5, -2, 1):5
(-2, -1, 4):5
(3, 0, 3):5
(-4, -1, -2):5
(-6, 5, -5):5
(-3, 4, -1):5
(-1, 10, -9):5
(2, -1, 9):5
(-4, 6, -4):5
(2, 2, -1):5
(-2, -1, 7):5
(0, 5, -6):5
(5, -6, 0):5
(6, -6, 0):5
(4, -6, 6):5
(3, 0, 5):5
(1, 1, 2):5
(7, -7, 0):5
(-2, 2, 1):5
(-4, 1, 1):5
(2, -3, 3):5
(-3, 3, 0):5
(4, -5, -4):5
(-1, 3, 7):5
(-7, 0, 0):5
(2, 1, 2):5
(-4, 3, -5):5
(1, -3, 2):5
(-5, -4, -1):5
(3, -1, 5):5
(-5, 2, 3):5
(6, -5, 7):5
(2, 0, 6):5
(9, -9, 5):5
(1, 5, -2):5
(-5, 5, 2):5
(-9, 5, 5):5
(5, -5, 10):5
(-5, 4, 6):5
(-5, -2, 0):5
(5, 5, -9):5
(0, -5, -4):4
(-5, -4, 10):4
(-6, -1, -1):4
(9, 0, 0):4
(9, 0, -5):4
(-1, -5, 11):4
(0, -5, -5):4
(0, 4, 6):4
(1, -2, -2):4
(8, -5, 5):4
(0, 5, 1):4
(4, -7, -1):4
(0, 4, -3):4
(-4, 4, -2):4
(3, -3, 4):4
(0, 2, 5):4
(2, 5, 0):4
(2, 0, 7):4
(7, -5, -3):4
(5, 2, -2):4
(2, -2, -5):4
(-5, 2, 5):4
(-5, 0, 10):4
(7, -5, -4):4
(0, 2, 7):4
(2, -4, 5):4
(3, -2, -2):4
(-1, -3, 6):4
(-5, 3, -3):4
(-2, 5, -6):4
(-2, 5, -3):4
(5, -3, -2):4
(3, 1, 4):4
(4, -4, 3):4
(0, 3, 5):4
(3, 5, -5):4
(4, -7, 0):4
(6, -5, 6):4
(2, 3, 4):4
(-5, -1, -4):4
(-9, 4, 5):4
(0, 3, 4):4
(-5, 1, 7):4
(-1, 2, 6):4
(4, -1, 6):4
(-1, 6, -7):4
(-1, 2, -6):4
(-2, 6, -6):4
(4, 2, -5):4
(0, 0, -6):4
(-3, 6, -4):4
(-1, 9, -1):4
(9, -1, -5):4
(6, 2, -5):4
(3, -4, 7):4
(3, -3, 5):4
(4, -1, -5):4
(10, -5, 1):4
(-1, 6, -2):4
(0, 5, -3):4
(3, 2, -4):4
(1, -1, -7):4
(-8, -1, 1):4
(-2, 5, 5):4
(5, -6, -1):4
(3, -5, 6):4
(-1, 10, -4):4
(-3, -1, 6):4
(2, -5, -1):4
(4, -5, 8):4
(0, 1, -3):4
(5, -6, 2):4
(-2, -1, 6):4
(-9, 5, -5):4
(-4, 2, 1):4
(3, 2, 4):4
(6, -4, 4):4
(4, -4, -2):4
(-4, -2, 6):4
(0, -5, -2):4
(-1, 8, -4):4
(-6, 0, -1):4
(5, -7, -1):4
(5, -6, 5):4
(3, 0, -3):4
(-3, 2, 1):4
(-2, 1, -5):4
(4, 6, -7):4
(7, -4, 4):4
(2, 3, 0):4
(-4, 5, 5):4
(1, -3, -1):4
(3, 1, 2):4
(1, 1, -5):4
(-4, 0, 6):4
(-5, 2, -3):4
(1, 6, -1):4
(1, 1, 4):4
(-5, 6, -6):4
(5, -5, 9):4
(4, -6, 2):4
(5, -4, 1):4
(8, -5, -4):4
(8, -5, 4):4
(1, -4, 1):4
(-9, -1, 1):4
(9, -9, 0):4
(0, -5, 10):4
(3, 0, 4):4
(-5, 4, 2):4
(0, -3, 6):4
(1, 6, -4):4
(4, -1, 5):4
(-4, -2, 0):4
(1, -5, 8):4
(6, -5, -4):4
(-5, -5, 4):4
(-6, 9, 0):4
(-1, 10, -3):4
(10, -3, -1):4
(-1, 9, 0):3
(9, 0, -1):3
(7, 2, -5):3
(5, -5, -3):3
(-4, 4, 2):3
(-1, -5, -1):3
(-1, 11, -5):3
(4, -5, -2):3
(-5, -5, 9):3
(-2, 5, -4):3
(-2, 4, -1):3
(5, -5, 8):3
(7, 0, -4):3
(-5, 4, -2):3
(-2, 0, 4):3
(1, 4, -7):3
(-1, -2, 3):3
(4, 0, 1):3
(4, -2, -5):3
(-3, 4, 0):3
(-5, -5, 10):3
(-1, 5, 2):3
(5, 2, -1):3
(2, 4, -2):3
(2, 5, -1):3
(5, 2, -5):3
(8, -8, 0):3
(5, 0, 1):3
(1, 0, 9):3
(-9, -1, 2):3
(-5, -1, -5):3
(0, 6, 1):3
(3, 0, 6):3
(7, -9, 0):3
(-2, 2, 6):3
(-3, 10, -5):3
(-6, -4, 3):3
(-4, 3, 1):3
(6, -7, 4):3
(2, -5, 7):3
(0, 8, 0):3
(8, 0, -5):3
(2, -2, -3):3
(-1, 4, 6):3
(-5, 3, 4):3
(0, 4, -9):3
(8, -5, 2):3
(-1, -5, 7):3
(4, -2, 2):3
(5, -2, -5):3
(-2, -5, 5):3
(-1, 4, 3):3
(-1, -3, 4):3
(2, -6, 6):3
(-2, 6, -1):3
(-6, -1, 6):3
(0, -6, 6):3
(5, -4, 2):3
(-2, 3, 0):3
(-4, 2, 2):3
(-1, 3, 5):3
(5, -7, 2):3
(-7, 2, -1):3
(4, 6, 0):3
(6, -5, -3):3
(6, -8, -1):3
(-5, 7, 0):3
(1, 11, -1):3
(-3, -1, 10):3
(1, 2, 5):3
(1, 3, 1):3
(7, -6, 6):3
(-3, 0, -2):3
(-4, 7, -4):3
(2, 1, -4):3
(4, -2, -3):3
(4, -2, 0):3
(3, -2, 3):3
(6, -3, -1):3
(5, 0, -3):3
(-3, 3, -5):3
(3, -5, -4):3
(-2, -2, 3):3
(-7, 1, -1):3
(1, -3, 0):3
(3, -6, 2):3
(5, 1, 0):3
(7, -6, 8):3
(-6, 6, -4):3
(-9, 2, -2):3
(4, 5, -5):3
(4, 6, -4):3
(-5, 0, 9):3
(-6, 0, 6):3
(-1, -2, -2):3
(-2, 4, -2):3
(0, 2, -5):3
(10, -5, -4):3
(2, 2, 0):3
(-1, 7, -7):3
(6, -7, -1):3
(0, -4, 7):3
(-4, 9, -4):3
(3, 0, 2):3
(6, -1, 3):3
(-1, 0, -6):3
(3, -2, 4):3
(-3, 2, 2):3
(1, 4, -1):3
(-3, 0, 6):3
(-3, 3, -4):3
(3, -4, 5):3
(2, 2, -4):3
(0, -9, 5):3
(10, -9, 2):3
(3, 7, -5):3
(8, -5, -2):3
(3, 7, -9):3
(-4, 1, 2):3
(2, 3, 1):3
(6, 0, 1):3
(-2, -5, 6):3
(-6, 2, 2):3
(-2, 10, -5):3
(-9, 1, -1):3
(4, 2, 0):3
(-4, 1, 5):3
(-2, 4, 0):3
(-2, 2, -4):3
(-9, 0, 6):3
(-6, -1, 7):3
(9, 0, -4):3
(-3, 6, 0):3
(0, -6, 5):3
(1, 5, -1):3
(-5, -4, 4):3
(0, 6, -8):3
(-3, 4, -5):3
(-3, 3, -2):3
(0, 4, 4):3
(-1, 6, 1):3
(-3, -2, 0):3
(7, -4, 0):3
(-1, 4, -7):3
(0, 9, 0):3
(5, 0, -9):3
(8, -5, 3):3
(-2, 5, -9):3
(6, -3, 3):3
(1, 10, -5):3
(7, 0, 0):3
(4, 0, -3):3
(-1, 2, -7):3
(-2, 9, -5):3
(1, 1, -4):3
(-1, 5, 5):3
(-5, -4, 1):3
(4, 4, -5):3
(7, -6, 1):3
(2, -5, 9):3
(0, 0, -7):3
(7, -7, 7):3
(5, 6, -1):3
(-3, 0, 4):3
(1, 4, -6):3
(0, 7, 2):2
(-2, -3, -1):2
(-4, 10, 3):2
(-5, 9, 0):2
(1, -6, 9):2
(-6, 9, -5):2
(9, -5, 5):2
(2, -4, 3):2
(-4, 3, -2):2
(0, 4, 2):2
(3, -5, -2):2
(-2, -1, -2):2
(-4, 9, 0):2
(4, -5, -5):2
(-1, 2, -8):2
(11, -5, -1):2
(7, -5, 6):2
(-2, -2, 4):2
(8, -1, -4):2
(4, 3, -4):2
(0, 2, -7):2
(3, -3, 7):2
(0, 4, -2):2
(4, -2, 1):2
(0, -3, 4):2
(-3, 4, -4):2
(-6, -4, -1):2
(-3, 2, 3):2
(-8, 0, 1):2
(-9, -1, 9):2
(4, 6, 1):2
(-1, 3, 6):2
(0, 10, 0):2
(2, 7, -9):2
(0, -1, -6):2
(-1, -6, 3):2
(-5, -1, -3):2
(5, -3, -5):2
(-7, 4, -4):2
(5, 0, 2):2
(1, -4, 0):2
(-2, -3, 1):2
(0, 2, -6):2
(2, -6, 5):2
(-6, 5, 0):2
(3, -1, -5):2
(-4, 8, -5):2
(1, 7, -6):2
(-6, -4, 10):2
(10, -5, 6):2
(-6, -4, 6):2
(1, 0, 8):2
(2, 0, 5):2
(3, 2, 2):2
(6, -4, 2):2
(-4, 2, 3):2
(-4, 3, -3):2
(-7, 6, 0):2
(6, -6, 5):2
(-2, 5, 2):2
(-5, -2, 6):2
(10, -9, 0):2
(11, 0, -5):2
(-5, 0, 8):2
(9, -5, -1):2
(-1, 9, -2):2
(9, -2, -5):2
(3, 2, -2):2
(-4, 6, 3):2
(5, 0, 6):2
(3, 2, -3):2
(6, -8, 0):2
(3, 5, -7):2
(2, 5, -7):2
(0, 0, 8):2
(-6, 5, -1):2
(2, 1, 1):2
(-3, -2, 2):2
(6, -4, 1):2
(-1, 1, 11):2
(11, -1, -4):2
(-6, 0, 1):2
(1, -6, 6):2
(-4, -3, 0):2
(-1, -4, 12):2
(-4, 12, 0):2
(-5, -5, 6):2
(-2, -3, 6):2
(-3, 6, -6):2
(6, -6, 3):2
(-3, 6, -1):2
(1, -2, 3):2
(1, 2, -5):2
(-4, 2, -5):2
(3, -2, 6):2
(-1, 3, -7):2
(-1, 3, -6):2
(8, -1, 0):2
(0, 8, -1):2
(3, -6, 6):2
(-5, 2, 1):2
(-2, 0, 6):2
(4, 6, -10):2
(6, -10, 4):2
(-10, 4, 6):2
(5, 0, 7):2
(-4, -5, 5):2
(-7, 2, 0):2
(6, 2, 0):2
(8, -4, -1):2
(6, 1, -6):2
(-1, 8, -9):2
(8, -9, 5):2
(12, 0, -1):2
(2, 4, -1):2
(-5, 6, 2):2
(1, 3, 2):2
(7, -7, 1):2
(-1, 1, -6):2
(0, 7, -1):2
(7, -1, -5):2
(-1, -5, -2):2
(-3, -5, 2):2
(-5, 2, 7):2
(-8, 3, -1):2
(-4, 7, -1):2
(7, -1, 0):2
(8, -4, 4):2
(6, -6, -5):2
(-2, 2, -3):2
(-5, -5, 0):2
(2, 2, 4):2
(2, 1, -3):2
(-3, 2, -3):2
(7, -5, -5):2
(0, 0, 9):2
(6, 0, -2):2
(-2, -4, 4):2
(4, -9, 5):2
(7, -9, -1):2
(0, 11, 0):2
(-4, 5, -2):2
(-1, -6, 0):2
(-2, 3, -3):2
(9, 1, -1):2
(1, 5, -7):2
(5, -2, -3):2
(-2, -3, 3):2
(-5, 9, -9):2
(4, 2, -2):2
(3, -5, 8):2
(0, -6, 2):2
(-1, -3, 5):2
(2, 2, 3):2
(-4, 0, -5):2
(-3, 1, 1):2
(1, 1, -3):2
(5, -6, 6):2
(6, -5, -2):2
(-6, -1, 2):2
(-3, 1, -2):2
(1, -2, -4):2
(-3, 8, -5):2
(0, 4, -6):2
(4, -6, 0):2
(4, -2, 5):2
(-2, -3, 2):2
(0, 10, -9):2
(3, 4, -4):2
(0, 7, -2):2
(2, -4, 1):2
(1, 2, -6):2
(2, -6, 2):2
(-9, 2, 2):2
(0, -4, -2):2
(0, 7, -7):2
(-6, 1, 1):2
(2, -3, 6):2
(-2, 3, 2):2
(3, 1, -4):2
(4, -4, 1):2
(4, -5, 10):2
(2, 3, -2):2
(-1, 9, -4):2
(-7, 5, -1):2
(-4, 2, -3):2
(2, -2, -4):2
(9, -5, 1):2
(3, 3, -2):2
(0, -3, 1):2
(-9, 8, -5):2
(-1, 5, -3):2
(4, -3, -2):2
(-3, -2, 1):2
(4, 1, 1):2
(0, 5, 4):2
(6, -3, -3):2
(-8, -1, 0):2
(5, -3, 5):2
(7, 0, -3):2
(5, -3, 0):2
(0, 5, 3):2
(-5, 7, -1):2
(9, -9, 8):2
(-3, -1, -3):2
(0, -9, 9):2
(-9, 9, -4):2
(9, -4, 4):2
(-5, 8, -8):2
(8, -8, 8):2
(-8, 8, -8):2
(-8, 0, -1):2
(5, -3, 2):2
(-9, 5, -2):2
(5, -1, 6):2
(-1, 1, 10):2
(-1, -5, 10):2
(-7, 5, 0):2
(1, -1, -8):2
(-1, -8, -1):2
(-1, 10, -1):2
(10, -1, 1):2
(2, -7, 5):2
(6, -1, 6):2
(5, 5, 1):2
(-4, 3, 7):2
(-1, 6, -3):2
(4, 5, -9):2
(5, -9, 4):2
(5, -1, 2):2
(10, 1, -5):2
(5, 0, 3):2
(-1, 0, -7):2
(0, -7, 10):2
(-7, 10, -4):2
(-9, 5, 0):2
(0, -2, -3):2
(-2, -3, 10):2
(-5, -5, 7):2
(-1, 4, -9):2
(-7, 4, -5):2
(0, -3, -2):2
(-6, 6, -2):2
(6, -2, 2):2
(9, 0, -3):2
(0, -3, -6):2
(-3, -6, 9):2
(2, 4, -6):2
(4, -6, -1):2
(0, -7, 6):2
(-7, 6, -4):2
(-10, 10, -5):2
(2, -5, 8):2
(5, -5, -6):2
(-5, -6, 1):2
(-6, 1, 5):2
(-4, 5, 6):2
(5, 5, -7):2
(5, -7, 1):2
(-7, 1, 6):2
(-6, 5, 5):2
(5, 5, -1):2
(-4, -1, -5):2
(-1, -5, 9):2
(6, -7, 7):2
(-7, 0, 1):2
(7, 0, -9):2
(0, 7, -9):2
(7, -9, 5):2
(-4, 6, -3):2
(1, 6, -2):1
(6, -2, -3):1
(10, 3, -6):1
(3, -6, -1):1
(6, -5, 9):1
(-9, 7, 2):1
(2, -9, 11):1
(-9, 11, -6):1
(11, -6, 1):1
(-6, 1, -6):1
(-2, 6, -3):1
(6, -3, 0):1
(-1, -4, 7):1
(-5, -1, 11):1
(-4, 1, 9):1
(1, 9, -5):1
(2, -8, 11):1
(-8, 11, -5):1
(9, -5, 7):1
(-4, 3, 8):1
(3, 8, -1):1
(8, -1, -3):1
(-5, -1, 8):1
(-1, 8, -1):1
(4, -2, 3):1
(7, -6, 4):1
(-6, 4, -4):1
(2, -7, 1):1
(-7, 1, 0):1
(-3, 7, 0):1
(-5, 5, -10):1
(5, -10, -1):1
(-10, -1, 1):1
(1, 7, -1):1
(-3, 0, 8):1
(0, 8, -8):1
(-2, 0, 9):1
(9, -9, 6):1
(-9, 6, -1):1
(3, 6, -11):1
(6, -11, 0):1
(-11, 0, -1):1
(10, 0, -1):1
(5, 0, 5):1
(-6, -1, 9):1
(4, -4, 6):1
(-6, 3, 6):1
(3, 6, 0):1
(-2, 1, 7):1
(-3, -5, 3):1
(-1, -3, 10):1
(10, -5, 4):1
(-1, -1, 11):1
(3, -6, -4):1
(5, -6, -2):1
(-6, -2, 5):1
(-3, -2, 5):1
(-4, -1, -10):1
(-1, -10, 11):1
(-10, 11, 0):1
(11, 0, 0):1
(-3, 6, -7):1
(0, 7, -3):1
(7, -3, 2):1
(-3, 2, -5):1
(0, -1, 11):1
(-2, 3, -4):1
(2, 0, -6):1
(0, -6, 9):1
(-6, 9, -4):1
(-6, 2, -5):1
(6, 0, 4):1
(0, -4, -12):1
(-4, -12, 17):1
(-12, 17, -5):1
(17, -5, -1):1
(-1, 0, -10):1
(0, -10, 18):1
(-10, 18, -5):1
(18, -5, 0):1
(3, -4, 8):1
(-4, 3, 4):1
(10, 3, -5):1
(0, 4, -7):1
(-3, -1, 7):1
(-1, -4, 8):1
(8, -5, 7):1
(4, -1, 7):1
(4, 5, 1):1
(-9, 4, -2):1
(4, -2, 8):1
(0, -3, 10):1
(1, 1, 5):1
(2, 6, -4):1
(6, -7, 6):1
(-6, 6, -1):1
(0, -5, 11):1
(1, 4, 2):1
(0, 7, 3):1
(7, 3, -9):1
(3, -9, 6):1
(-9, 6, 0):1
(-6, 6, 3):1
(6, 3, -9):1
(3, -9, 9):1
(4, -3, 6):1
(0, 4, 5):1
(4, 5, -4):1
(-1, 2, -13):1
(2, -13, 2):1
(-13, 2, -1):1
(-5, 11, 0):1
(5, -3, -6):1
(-3, -6, 0):1
(-6, 0, -5):1
(-5, -5, -1):1
(-1, 6, 2):1
(-2, -5, -1):1
(-4, -1, 8):1
(-1, 8, 0):1
(8, 0, -4):1
(-2, 5, 3):1
(5, 3, 0):1
(-4, 0, -4):1
(0, 10, 1):1
(10, 1, -1):1
(1, -3, -5):1
(-3, -5, -1):1
(6, 3, -1):1
(-1, -3, -2):1
(-3, -2, 9):1
(-2, 9, 0):1
(7, 2, 0):1
(0, -5, -3):1
(1, 3, -7):1
(-2, 6, -8):1
(-8, 0, 2):1
(-7, 2, 5):1
(0, 8, -9):1
(8, -9, -1):1
(0, -2, -6):1
(-2, -6, 5):1
(-5, -1, 10):1
(1, 1, -12):1
(1, -12, -4):1
(-12, -4, 1):1
(6, -2, 0):1
(3, -6, 0):1
(-1, 7, -12):1
(7, -12, 0):1
(-12, 0, 2):1
(-3, 0, 5):1
(5, -1, 3):1
(2, -4, 4):1
(-1, -7, 12):1
(-7, 12, -1):1
(12, -1, 2):1
(6, -1, 5):1
(7, 0, -1):1
(0, -2, -7):1
(-2, -7, 4):1
(-1, 6, -8):1
(0, 5, 2):1
(-7, -1, -1):1
(4, -9, 11):1
(-9, 11, -5):1
(11, -5, 1):1
(-1, -2, 11):1
(-2, 11, -5):1
(11, -5, 4):1
(4, 1, -6):1
(4, -4, 7):1
(1, -4, -3):1
(1, -1, 13):1
(-1, 13, -5):1
(13, -5, 1):1
(12, 0, 0):1
(2, -5, 11):1
(6, -5, 8):1
(-1, 9, -6):1
(9, -6, 2):1
(-6, 2, 5):1
(-6, 3, -3):1
(0, -1, -9):1
(-1, -9, -4):1
(-9, -4, 6):1
(-4, 6, 1):1
(6, 1, 6):1
(1, 6, -3):1
(-1, -3, 11):1
(-3, 11, -11):1
(11, -11, 11):1
(-11, 11, -4):1
(11, -4, -1):1
(-1, -2, 8):1
(2, 3, 2):1
(-5, 7, -4):1
(7, -4, 2):1
(-4, 4, -3):1
(-2, 3, 3):1
(3, 3, 4):1
(-2, 1, 4):1
(4, -2, -4):1
(-2, -4, 8):1
(-4, 8, -2):1
(8, -2, -4):1
(-2, -4, 7):1
(-4, 7, -7):1
(3, -7, 1):1
(5, -2, 0):1
(6, 0, -3):1
(-3, 4, -2):1
(3, -1, 6):1
(-1, 2, -11):1
(2, -11, 7):1
(-11, 7, 6):1
(7, 6, -4):1
(-6, 8, -1):1
(-7, 4, -1):1
(2, 1, 4):1
(0, 10, -6):1
(10, -6, -4):1
(-6, -4, 1):1
(-4, 1, 4):1
(10, -9, 5):1
(1, 4, 5):1
(-4, 2, 7):1
(-3, -1, 9):1
(-1, 9, -3):1
(9, -3, 5):1
(2, 6, -6):1
(-1, 1, -10):1
(1, -10, 7):1
(-10, 7, 2):1
(7, 2, 7):1
(-5, 7, -12):1
(7, -12, 2):1
(-12, 2, 7):1
(-4, -2, -3):1
(-3, 6, 4):1
(6, 4, -6):1
(0, 9, -4):1
(9, -4, -2):1
(6, -4, -6):1
(-4, -6, 4):1
(-6, 4, 6):1
(-6, 0, -4):1
(0, -4, -5):1
(-4, 6, -6):1
(5, 0, -7):1
(0, -7, 2):1
(3, 7, -6):1
(-2, 3, 6):1
(3, 6, -4):1
(2, -1, -11):1
(-1, -11, 6):1
(-11, 6, 2):1
(-1, 0, 12):1
(0, 12, 0):1
(12, 0, 5):1
(-5, -3, 3):1
(-3, 3, 5):1
(1, -6, 4):1
(-6, 4, -5):1
(2, 4, 1):1
(-2, 5, -7):1
(4, -4, 2):1
(1, 6, 2):1
(6, 2, -8):1
(2, -8, -1):1
(12, -12, 12):1
(-12, 12, 0):1
(3, -1, 8):1
(1, -6, 11):1
(-6, 11, -5):1
(2, 7, -4):1
(-5, 7, 1):1
(7, 1, -1):1
(4, -3, 1):1
(6, -2, 1):1
(-1, 5, -8):1
(5, -8, 3):1
(-7, -1, 9):1
(9, 0, -8):1
(0, -8, 3):1
(5, -4, -3):1
(-4, -3, 6):1
(1, -4, 7):1
(-4, 4, -7):1
(-1, -1, -6):1
(-6, 3, 0):1
(4, -4, -4):1
(-4, -4, 9):1
(-5, 7, 3):1
(7, 3, 0):1
(6, -4, -3):1
(1, -3, 7):1
(-3, 7, -1):1
(-6, -5, -1):1
(-2, 1, 6):1
(1, 6, 1):1
(6, 1, 0):1
(2, 6, 2):1
(2, 0, -10):1
(0, -10, -1):1
(-10, -1, 3):1
(-1, 5, 4):1
(4, -9, 3):1
(-9, 3, 1):1
(1, -3, 6):1
(1, -5, 7):1
(-5, 7, 2):1
(5, -5, -8):1
(-5, -8, 10):1
(-8, 10, -2):1
(10, -2, 1):1
(3, 3, -3):1
(-2, 3, -2):1
(5, -2, 4):1
(2, 0, -7):1
(0, -7, 5):1
(-7, 5, 4):1
(-5, -5, 2):1
(-6, 3, -5):1
(0, 9, -6):1
(9, -6, -1):1
(-1, 9, 6):1
(9, 6, -5):1
(0, -2, -4):1
(-4, 4, -9):1
(-2, 0, -9):1
(-1, -7, -1):1
(-9, -1, 10):1
(6, -6, 7):1
(-6, 7, -5):1
(0, 0, 11):1
(11, 0, -1):1
(-2, -1, -6):1
(3, -3, 9):1
(-3, 9, 1):1
(-1, -7, 0):1
(-4, 4, 5):1
(10, -9, 1):1
(-9, 1, 0):1
(-2, 3, 5):1
(3, 5, -3):1
(-9, 5, -4):1
(6, -1, -6):1
(-1, -6, 7):1
(-6, 7, -1):1
(6, -3, -2):1
(-3, -2, -1):1
(-1, 3, -8):1
(3, -8, 6):1
(-8, 6, -1):1
(2, 4, -7):1
(-6, -4, 0):1
(3, 0, -7):1
(0, -7, 0):1
(4, -7, 1):1
(-7, 1, 3):1
(-6, 2, 3):1
(-1, 8, 1):1
(8, 1, -1):1
(-1, -7, 6):1
(-2, 4, -4):1
(6, -2, -2):1
(0, 2, 6):1
(1, -3, 3):1
(0, -2, 10):1
(3, 2, 3):1
(3, 5, -4):1
(9, -9, 1):1
(7, -9, 1):1
(-5, -2, 10):1
(1, -2, 10):1
(10, -5, -3):1
(-1, 7, -1):1
(2, -8, 0):1
(0, 4, 7):1
(4, 7, -6):1
(0, -3, -5):1
(-2, -4, 3):1
(2, -3, 8):1
(5, -4, 3):1
(-1, 1, -8):1
(1, -8, 1):1
(-8, 1, -1):1
(4, -3, 4):1
(-4, 3, 5):1
(-2, -3, 0):1
(3, 1, -3):1
(0, 10, -2):1
(10, -2, -7):1
(-2, -7, -1):1
(7, -2, -1):1
(-2, -1, -3):1
(-1, 5, -7):1
(7, -7, 9):1
(-7, 9, -9):1
(2, 2, 1):1
(-5, 3, 7):1
(-4, -2, 1):1
(5, -1, -6):1
(1, -5, 10):1
(7, -7, 3):1
(-7, 3, 0):1
(0, -2, 8):1
(-2, -5, 2):1
(5, 0, 4):1
(4, 0, -6):1
(0, -6, 1):1
(-2, -3, 9):1
(-3, 9, -9):1
(-9, 9, 0):1
(10, 0, -5):1
(-5, 5, 4):1
(5, 4, -4):1
(-4, -1, -3):1
(-5, 6, 1):1
(3, 0, -6):1
(-6, 5, -2):1
(-5, -4, 7):1
(7, -5, 8):1
(-5, 8, -11):1
(8, -11, 5):1
(-11, 5, -5):1
(3, 5, -10):1
(5, -10, 4):1
(-10, 4, 1):1
(1, -2, 4):1
(-5, -3, 8):1
(3, 2, -6):1
(2, -6, 8):1
(-6, 8, -8):1
(8, -8, 5):1
(-8, 5, -2):1
(5, -2, 3):1
(-4, 4, -6):1
(4, -6, 1):1
(-6, 1, 0):1
(7, -6, 2):1
(-4, 1, 3):1
(-8, 0, 3):1
(2, 3, -3):1
(2, -6, 9):1
(9, -5, -4):1
(-2, -1, -7):1
(-1, -7, 5):1
(-2, -4, -1):1
(3, 5, -6):1
(6, -6, -2):1
(-6, -2, 2):1
(0, 1, 8):1
(1, 8, -9):1
(8, -9, 1):1
(8, -1, -5):1
(-2, 4, -7):1
(4, 2, -4):1
(8, -5, -3):1
(-5, -3, 4):1
(6, -6, 4):1
(-6, 4, -1):1
(0, 6, -9):1
(6, -9, 6):1
(-9, 6, -4):1
(-2, 4, 2):1
(10, -9, 8):1
(5, -3, -3):1
(-3, -3, 4):1
(0, 0, 12):1
(0, 12, 1):1
(12, 1, -1):1
(0, -1, -10):1
(-1, -10, 0):1
(-10, 0, -1):1
(-3, 1, 4):1
(-4, 9, -1):1
(9, -1, 1):1
(0, 8, -12):1
(8, -12, 1):1
(-12, 1, 0):1
(-2, 1, 3):1
(-2, -4, 0):1
(-3, -3, 0):1
(6, -3, 2):1
(-5, -4, -5):1
(-4, -5, 10):1
(-5, 3, 6):1
(3, 6, -8):1
(6, -8, 8):1
(-8, 8, -4):1
(-3, 5, -3):1
(1, 4, -3):1
(4, 4, -9):1
(-9, 4, 0):1
(4, 0, 4):1
(4, -9, 0):1
(-9, 0, 2):1
(4, 0, -2):1
(1, 4, -2):1
(4, -2, -2):1
(6, -5, -6):1
(-5, -6, 0):1
(1, -2, 8):1
(1, 7, -3):1
(7, -3, 0):1
(4, 0, 2):1
(5, -5, -9):1
(-5, -9, 5):1
(5, 5, -2):1
(1, 0, -6):1
(0, -6, -1):1
(5, 3, -5):1
(7, -1, -3):1
(-6, 2, 8):1
(2, 8, -5):1
(0, 0, -12):1
(0, -12, 15):1
(-12, 15, 2):1
(15, 2, -8):1
(2, -8, 9):1
(-8, 9, -9):1
(2, -3, -3):1
(-3, -3, 1):1
(4, -4, 5):1
(-4, 0, 8):1
(3, 3, 1):1
(6, -7, 5):1
(4, 0, 3):1
(-4, 9, -5):1
(-5, -2, -2):1
(-3, 1, 3):1
(-2, -2, 8):1
(-1, 1, -12):1
(1, -12, 10):1
(-12, 10, 3):1
(10, 3, -4):1
(8, -4, -2):1
(-4, -2, 2):1
(-2, -2, 9):1
(0, -5, 9):1
(-5, 9, 1):1
(9, 1, -5):1
(-1, 0, -11):1
(0, -11, 10):1
(-11, 10, 3):1
(10, 3, 3):1
(6, -2, -1):1
(1, -4, 10):1
(6, -3, 4):1
(-9, 8, -6):1
(8, -6, 8):1
(-6, 8, -2):1
(8, -2, 1):1
(-5, 3, 5):1
(3, 5, 0):1
(0, -9, 4):1
(4, 5, -1):1
(-4, 2, -4):1
(-4, 5, -7):1
(5, -7, 5):1
(-7, 5, 2):1
(5, 2, -4):1
(2, -4, -2):1
(4, -6, -6):1
(-6, -6, -1):1
(-6, -1, 10):1
(-1, 10, 1):1
(-6, 6, -7):1
(6, -7, 9):1
(-7, 9, 0):1
(-4, 0, -2):1
(5, -4, 7):1
(3, -1, 4):1
(0, 9, -5):1
(-1, 7, 1):1
(7, 1, -5):1
(6, 3, -5):1
(5, -6, 3):1
(-6, 3, -1):1
(0, -5, 8):1
(-1, 4, 4):1
(1, 7, -9):1
(-9, -1, 5):1
(-7, -1, 2):1
(-3, 10, -4):1
(10, -4, 3):1
(-4, 3, -10):1
(3, -10, 9):1
(-10, 9, -4):1
(9, -4, 6):1
(3, 6, -5):1
(-4, 10, 1):1
(9, -5, 6):1
(-1, -4, -3):1
(-4, -3, 2):1
(5, 1, -2):1
(1, -2, -3):1
(-2, -3, 5):1
(-3, 5, -2):1
(-2, 1, 8):1
(1, 8, -1):1
(-5, 7, -2):1
(7, -2, 0):1
(-4, 10, 4):1
(10, 4, -5):1
(3, -4, -2):1
(4, -3, 3):1
(-6, 6, 1):1
(6, 1, -4):1
(-1, -6, 9):1
(-1, 2, 7):1
(0, -7, 7):1
(-3, 0, -5):1
(0, 6, 2):1
(11, -1, 0):1
(0, 1, 9):1
(1, 9, -7):1
(9, -7, 1):1
(-7, 1, -2):1
(4, 1, -2):1
(-5, 0, 11):1
(5, 3, 1):1
(3, 7, -10):1
(7, -10, 10):1
(0, 0, -10):1
(0, -10, 10):1
(-2, 5, 4):1
(2, -7, -1):1
(1, -1, 12):1
(-1, 12, -4):1
(12, -4, 1):1
(3, -2, -5):1
(-5, 5, 6):1
(2, -7, 0):1
(-5, 1, 11):1
(4, -4, -5):1
(6, -1, -7):1
(-1, -7, 2):1
(1, -1, 11):1
(-1, 11, -1):1
(11, -1, -5):1
(-1, -5, 4):1
(2, -1, 8):1
(-6, 6, 4):1
(6, 4, 0):1
(1, 6, -7):1
(-3, -3, 6):1
(-3, 6, 1):1
(3, -4, 10):1
(-3, -1, -4):1
(1, 2, 4):1
(2, -4, 8):1
(-4, 8, 0):1
(-6, -5, 1):1
(-5, 1, 10):1
(-5, -4, 9):1
(-4, 9, -9):1
(-2, 2, 5):1
(-5, 2, -4):1
(-6, 2, -2):1
(6, -3, -7):1
(-3, -7, -1):1
(3, 2, -7):1
(2, -7, 4):1
(-7, 4, 2):1
(4, 2, 1):1
(-1, -2, -3):1
(3, -5, -3):1
(4, -7, 2):1
(-3, 1, 9):1
(1, 9, -4):1
(-2, 6, -2):1
(6, -2, -4):1
(3, 3, -10):1
(3, -10, 0):1
(-10, 0, 0):1
(3, -7, 10):1
(-7, 10, -5):1
(1, 3, 3):1
(-1, -4, -2):1
(5, 2, 5):1
(5, -7, -2):1
(-7, -2, 6):1
(-2, -4, 1):1
(2, -3, 4):1
(-1, 4, 5):1
(-1, 9, 1):1
(6, 0, 2):1
(-9, 2, -3):1
(-3, 2, 4):1
(1, -2, 9):1
(-9, 5, 4):1
(-5, 1, -6):1
(1, -6, 2):1
(-5, 10, -9):1
(7, -4, 1):1
(-5, -5, 11):1
(11, -5, 5):1
(1, -3, 1):1
(7, -2, -3):1
(0, 0, -9):1
(0, -9, 2):1
(-9, 2, 0):1
(6, 0, -8):1
(0, -8, 7):1
(-8, 7, -6):1
(-6, 8, -6):1
(8, -6, 6):1
(-3, 7, -6):1
(-5, 9, -4):1
(2, 5, -3):1
(-3, 3, 1):1
(6, 1, -1):1
(-3, 3, 4):1
(5, 0, -6):1
(0, -6, 0):1
(-6, 0, 7):1
(-6, 0, -2):1
(1, -1, -11):1
(-1, -11, 9):1
(-11, 9, 0):1
(9, 0, -2):1
(0, -2, 9):1
(9, -5, -5):1
(5, 1, -9):1
(1, -9, 4):1
(-9, 4, -1):1
(-6, 8, -9):1
(8, -9, 0):1

------------------------------------------------------------